x4096_2 = [288 + j*(287)
-409 + j*(322)
-411 + j*(-405)
318 + j*(325)
-385 + j*(-384)
-385 + j*(343)
342 + j*(344)
-386 + j*(342)
-385 + j*(343)
341 + j*(343)
342 + j*(344)
340 + j*(344)
339 + j*(-381)
-386 + j*(-382)
339 + j*(347)
339 + j*(-380)
-377 + j*(356)
350 + j*(-371)
-378 + j*(355)
350 + j*(-374)
-378 + j*(-372)
353 + j*(-372)
351 + j*(-370)
-377 + j*(-371)
-377 + j*(356)
351 + j*(-371)
352 + j*(-370)
-377 + j*(358)
-376 + j*(357)
353 + j*(357)
-377 + j*(-368)
-377 + j*(-369)
-375 + j*(-369)
-375 + j*(-370)
351 + j*(-369)
-376 + j*(359)
352 + j*(-368)
353 + j*(359)
-375 + j*(-371)
353 + j*(-369)
-374 + j*(-368)
-374 + j*(360)
-375 + j*(-369)
-376 + j*(-367)
353 + j*(359)
352 + j*(-369)
354 + j*(-369)
-374 + j*(-368)
-373 + j*(-369)
353 + j*(358)
352 + j*(359)
-375 + j*(-368)
-376 + j*(359)
-373 + j*(358)
-375 + j*(358)
354 + j*(359)
352 + j*(359)
355 + j*(-369)
355 + j*(358)
355 + j*(-368)
-373 + j*(-368)
352 + j*(-368)
353 + j*(360)
-373 + j*(359)
361 + j*(-365)
-365 + j*(-366)
-367 + j*(363)
361 + j*(362)
362 + j*(-365)
360 + j*(362)
-367 + j*(361)
-367 + j*(363)
-368 + j*(-366)
-366 + j*(-366)
361 + j*(-367)
362 + j*(-366)
-368 + j*(362)
361 + j*(362)
-368 + j*(-364)
359 + j*(362)
360 + j*(-365)
-367 + j*(-364)
361 + j*(363)
-367 + j*(-364)
-367 + j*(364)
-367 + j*(363)
-367 + j*(-365)
361 + j*(-366)
362 + j*(362)
361 + j*(-364)
361 + j*(362)
-367 + j*(363)
-367 + j*(362)
-367 + j*(363)
361 + j*(-364)
362 + j*(-364)
-366 + j*(365)
361 + j*(-364)
360 + j*(-366)
361 + j*(-364)
361 + j*(362)
-367 + j*(-365)
-366 + j*(362)
361 + j*(362)
-366 + j*(-365)
-367 + j*(362)
362 + j*(363)
-367 + j*(-364)
-368 + j*(363)
-367 + j*(362)
-367 + j*(-364)
361 + j*(-365)
-366 + j*(-364)
360 + j*(362)
360 + j*(362)
362 + j*(362)
361 + j*(-364)
363 + j*(364)
362 + j*(-364)
361 + j*(-364)
-366 + j*(-366)
-365 + j*(364)
362 + j*(-364)
361 + j*(363)
-366 + j*(361)
362 + j*(-365)
-367 + j*(363)
362 + j*(-365)
-365 + j*(-363)
363 + j*(-366)
-366 + j*(-365)
-366 + j*(-365)
-366 + j*(363)
-366 + j*(364)
-364 + j*(-365)
-366 + j*(363)
360 + j*(-364)
362 + j*(-366)
363 + j*(-365)
-368 + j*(362)
360 + j*(363)
-368 + j*(363)
-367 + j*(363)
361 + j*(-364)
-367 + j*(-364)
-365 + j*(361)
-367 + j*(-365)
-366 + j*(364)
-367 + j*(361)
-367 + j*(362)
-367 + j*(-364)
-367 + j*(365)
-367 + j*(362)
-366 + j*(-364)
363 + j*(361)
361 + j*(362)
-366 + j*(363)
361 + j*(363)
362 + j*(-365)
-367 + j*(-365)
-366 + j*(364)
360 + j*(363)
-365 + j*(-363)
-366 + j*(364)
-365 + j*(365)
-366 + j*(364)
-367 + j*(-362)
-366 + j*(364)
-365 + j*(-364)
-366 + j*(-366)
361 + j*(-364)
361 + j*(-363)
-367 + j*(363)
-366 + j*(-365)
-367 + j*(-365)
363 + j*(-365)
-365 + j*(-363)
-366 + j*(365)
360 + j*(-364)
361 + j*(-364)
-366 + j*(-364)
-366 + j*(363)
-367 + j*(363)
361 + j*(-364)
361 + j*(363)
361 + j*(-364)
362 + j*(363)
362 + j*(364)
-364 + j*(363)
362 + j*(-365)
-366 + j*(-364)
362 + j*(-365)
361 + j*(-363)
-366 + j*(364)
363 + j*(-364)
361 + j*(-364)
-366 + j*(364)
-365 + j*(-365)
362 + j*(364)
-366 + j*(362)
362 + j*(363)
363 + j*(-365)
363 + j*(-365)
-367 + j*(-366)
-366 + j*(-365)
363 + j*(364)
362 + j*(-364)
-366 + j*(-365)
-366 + j*(-363)
361 + j*(363)
-366 + j*(-364)
361 + j*(-364)
362 + j*(364)
362 + j*(364)
-367 + j*(362)
-367 + j*(-363)
361 + j*(363)
-364 + j*(363)
-365 + j*(-364)
-365 + j*(-365)
-364 + j*(-365)
-365 + j*(-364)
362 + j*(-363)
362 + j*(362)
361 + j*(-362)
-366 + j*(364)
-366 + j*(361)
361 + j*(364)
-366 + j*(-364)
362 + j*(-364)
-366 + j*(365)
360 + j*(364)
362 + j*(364)
-366 + j*(-364)
-366 + j*(-364)
-366 + j*(363)
361 + j*(363)
-366 + j*(364)
-366 + j*(363)
-368 + j*(363)
-365 + j*(363)
-366 + j*(365)
362 + j*(364)
-364 + j*(365)
362 + j*(-364)
-365 + j*(-364)
-365 + j*(364)
360 + j*(-364)
363 + j*(365)
-366 + j*(-364)
-364 + j*(-364)
-367 + j*(-365)
362 + j*(363)
361 + j*(-364)
363 + j*(-363)
361 + j*(363)
361 + j*(-366)
360 + j*(-365)
362 + j*(-363)
-367 + j*(-365)
-365 + j*(-364)
-365 + j*(362)
-365 + j*(363)
-368 + j*(362)
-365 + j*(363)
-365 + j*(363)
-366 + j*(-364)
-368 + j*(361)
-367 + j*(-364)
361 + j*(-364)
361 + j*(-365)
-368 + j*(-366)
360 + j*(364)
-366 + j*(-364)
-366 + j*(362)
362 + j*(364)
361 + j*(-364)
362 + j*(361)
361 + j*(-366)
362 + j*(363)
361 + j*(364)
-366 + j*(363)
-367 + j*(-364)
-368 + j*(-366)
360 + j*(-364)
360 + j*(-365)
-367 + j*(-366)
362 + j*(364)
-366 + j*(363)
-367 + j*(364)
-367 + j*(-364)
-367 + j*(364)
-365 + j*(-364)
360 + j*(364)
-366 + j*(362)
360 + j*(363)
360 + j*(362)
-365 + j*(-364)
360 + j*(-364)
361 + j*(-365)
-366 + j*(-364)
-367 + j*(361)
361 + j*(363)
-368 + j*(-364)
-367 + j*(-365)
-367 + j*(363)
-366 + j*(362)
361 + j*(364)
-367 + j*(-363)
360 + j*(363)
361 + j*(363)
-367 + j*(363)
359 + j*(364)
362 + j*(364)
-366 + j*(-365)
-367 + j*(363)
360 + j*(362)
360 + j*(-364)
361 + j*(362)
360 + j*(-365)
359 + j*(-365)
363 + j*(-364)
361 + j*(364)
-366 + j*(362)
-367 + j*(-364)
363 + j*(-365)
362 + j*(-364)
362 + j*(-364)
361 + j*(361)
-366 + j*(-365)
-365 + j*(-365)
363 + j*(364)
362 + j*(363)
362 + j*(361)
-367 + j*(-363)
361 + j*(-364)
362 + j*(-364)
-367 + j*(363)
360 + j*(-363)
361 + j*(-364)
-366 + j*(-364)
-366 + j*(364)
-367 + j*(-365)
360 + j*(362)
361 + j*(-363)
361 + j*(363)
-365 + j*(363)
-366 + j*(-364)
-366 + j*(362)
-368 + j*(365)
361 + j*(363)
-366 + j*(363)
-367 + j*(363)
-365 + j*(-363)
-366 + j*(-364)
361 + j*(-364)
-366 + j*(364)
362 + j*(-365)
362 + j*(364)
-364 + j*(364)
362 + j*(362)
361 + j*(-364)
361 + j*(363)
361 + j*(363)
-367 + j*(-365)
-367 + j*(363)
-365 + j*(364)
361 + j*(363)
362 + j*(-365)
-367 + j*(-365)
362 + j*(-365)
361 + j*(365)
-367 + j*(365)
-366 + j*(-366)
-365 + j*(-365)
361 + j*(-365)
361 + j*(-364)
-367 + j*(-363)
-366 + j*(363)
360 + j*(-365)
364 + j*(-365)
-366 + j*(-365)
-365 + j*(363)
-366 + j*(-363)
-366 + j*(-365)
-366 + j*(363)
362 + j*(364)
361 + j*(363)
-367 + j*(363)
-366 + j*(-365)
-366 + j*(364)
359 + j*(364)
-366 + j*(363)
361 + j*(-365)
362 + j*(-363)
-366 + j*(-365)
363 + j*(363)
-367 + j*(-365)
362 + j*(-364)
361 + j*(364)
-367 + j*(-362)
361 + j*(-364)
361 + j*(-365)
-366 + j*(364)
361 + j*(363)
-366 + j*(-366)
361 + j*(362)
361 + j*(-364)
360 + j*(-364)
363 + j*(364)
-365 + j*(365)
362 + j*(363)
-366 + j*(364)
-366 + j*(-364)
-367 + j*(363)
362 + j*(-364)
-366 + j*(-364)
363 + j*(-364)
361 + j*(-365)
362 + j*(364)
362 + j*(363)
362 + j*(365)
-366 + j*(-364)
361 + j*(-362)
-366 + j*(-364)
361 + j*(363)
363 + j*(-364)
-366 + j*(-363)
-363 + j*(-363)
-365 + j*(-365)
-368 + j*(364)
361 + j*(364)
-367 + j*(365)
-367 + j*(-364)
-366 + j*(366)
-366 + j*(363)
359 + j*(365)
-366 + j*(-364)
-366 + j*(-364)
361 + j*(-364)
363 + j*(-363)
361 + j*(-363)
-365 + j*(-363)
-365 + j*(366)
-365 + j*(363)
-366 + j*(-363)
-367 + j*(-363)
-364 + j*(-364)
360 + j*(362)
361 + j*(363)
-366 + j*(-364)
362 + j*(364)
-366 + j*(363)
361 + j*(362)
362 + j*(363)
-366 + j*(364)
361 + j*(-364)
-366 + j*(-364)
-365 + j*(-366)
-365 + j*(-365)
362 + j*(363)
-367 + j*(-365)
361 + j*(-364)
361 + j*(363)
361 + j*(364)
-365 + j*(364)
-366 + j*(-363)
362 + j*(-363)
362 + j*(363)
-364 + j*(364)
-367 + j*(-364)
-365 + j*(364)
-366 + j*(363)
362 + j*(-363)
363 + j*(-363)
361 + j*(-364)
-365 + j*(364)
362 + j*(363)
361 + j*(363)
-367 + j*(-364)
360 + j*(363)
-366 + j*(363)
-366 + j*(364)
362 + j*(-364)
-365 + j*(363)
362 + j*(-365)
362 + j*(364)
-366 + j*(362)
-365 + j*(364)
361 + j*(-364)
363 + j*(-365)
-365 + j*(363)
360 + j*(-363)
-367 + j*(-365)
-367 + j*(-364)
362 + j*(363)
-365 + j*(-364)
362 + j*(363)
363 + j*(-364)
363 + j*(364)
362 + j*(-364)
362 + j*(-364)
-366 + j*(-363)
-366 + j*(364)
361 + j*(-362)
-367 + j*(-364)
-368 + j*(364)
362 + j*(-364)
-365 + j*(363)
-364 + j*(362)
360 + j*(364)
363 + j*(-364)
-365 + j*(-363)
-365 + j*(-362)
-366 + j*(365)
-364 + j*(-365)
-365 + j*(-363)
-365 + j*(-365)
363 + j*(-365)
-365 + j*(-365)
361 + j*(362)
362 + j*(-364)
362 + j*(-363)
361 + j*(362)
-364 + j*(-364)
362 + j*(-363)
-365 + j*(-364)
364 + j*(362)
362 + j*(-364)
-365 + j*(363)
363 + j*(-363)
