x6144 = [0 + j*(0)
364 + j*(-364)
-364 + j*(364)
364 + j*(364)
-364 + j*(-364)
364 + j*(364)
-364 + j*(-364)
-364 + j*(364)
364 + j*(364)
364 + j*(-364)
-364 + j*(-364)
-364 + j*(-364)
364 + j*(-364)
364 + j*(-364)
-364 + j*(-364)
364 + j*(-364)
364 + j*(364)
364 + j*(-364)
-364 + j*(364)
-364 + j*(-364)
364 + j*(364)
364 + j*(364)
-364 + j*(364)
-364 + j*(-364)
364 + j*(364)
364 + j*(364)
-364 + j*(364)
-364 + j*(-364)
364 + j*(364)
-364 + j*(-364)
364 + j*(364)
364 + j*(-364)
-364 + j*(364)
-364 + j*(-364)
-364 + j*(-364)
364 + j*(364)
364 + j*(-364)
-364 + j*(364)
-364 + j*(-364)
364 + j*(364)
-364 + j*(-364)
-364 + j*(364)
364 + j*(-364)
-364 + j*(-364)
-364 + j*(-364)
-364 + j*(-364)
364 + j*(-364)
-364 + j*(364)
-364 + j*(-364)
-364 + j*(-364)
-364 + j*(-364)
-364 + j*(364)
-364 + j*(-364)
364 + j*(364)
364 + j*(-364)
-364 + j*(-364)
-364 + j*(-364)
364 + j*(364)
364 + j*(364)
-364 + j*(-364)
364 + j*(-364)
364 + j*(364)
364 + j*(-364)
-364 + j*(364)
-364 + j*(-364)
-364 + j*(364)
364 + j*(364)
-364 + j*(-364)
-364 + j*(364)
-364 + j*(364)
-364 + j*(-364)
-364 + j*(-364)
-364 + j*(-364)
364 + j*(-364)
364 + j*(364)
364 + j*(-364)
-364 + j*(-364)
364 + j*(-364)
-364 + j*(-364)
-364 + j*(364)
364 + j*(-364)
-364 + j*(364)
-364 + j*(364)
-364 + j*(-364)
-364 + j*(364)
-364 + j*(364)
-364 + j*(364)
-364 + j*(-364)
-364 + j*(364)
-364 + j*(-364)
-364 + j*(364)
364 + j*(-364)
-364 + j*(-364)
364 + j*(364)
-364 + j*(-364)
-364 + j*(-364)
364 + j*(364)
364 + j*(364)
364 + j*(-364)
364 + j*(-364)
-364 + j*(364)
-364 + j*(-364)
364 + j*(364)
-364 + j*(-364)
364 + j*(-364)
364 + j*(-364)
364 + j*(-364)
-364 + j*(-364)
-364 + j*(-364)
364 + j*(-364)
-364 + j*(-364)
-364 + j*(-364)
364 + j*(-364)
-364 + j*(364)
-364 + j*(364)
364 + j*(-364)
364 + j*(364)
364 + j*(-364)
364 + j*(-364)
-364 + j*(364)
-364 + j*(-364)
-364 + j*(-364)
-364 + j*(364)
-364 + j*(364)
364 + j*(-364)
364 + j*(-364)
-364 + j*(-364)
364 + j*(-364)
-364 + j*(364)
-364 + j*(364)
364 + j*(364)
364 + j*(364)
364 + j*(364)
-364 + j*(364)
364 + j*(-364)
-364 + j*(364)
-364 + j*(-364)
364 + j*(364)
364 + j*(-364)
-364 + j*(364)
364 + j*(364)
364 + j*(-364)
-364 + j*(364)
364 + j*(-364)
-364 + j*(364)
364 + j*(-364)
-364 + j*(-364)
-364 + j*(364)
364 + j*(-364)
-364 + j*(364)
364 + j*(364)
364 + j*(364)
364 + j*(-364)
364 + j*(364)
364 + j*(-364)
364 + j*(364)
364 + j*(364)
364 + j*(-364)
-364 + j*(-364)
-364 + j*(364)
-364 + j*(364)
-364 + j*(-364)
364 + j*(364)
364 + j*(-364)
364 + j*(-364)
364 + j*(364)
364 + j*(-364)
-364 + j*(364)
-364 + j*(364)
364 + j*(364)
364 + j*(364)
-364 + j*(-364)
-364 + j*(-364)
-364 + j*(-364)
364 + j*(-364)
364 + j*(-364)
-364 + j*(-364)
-364 + j*(364)
-364 + j*(-364)
364 + j*(364)
364 + j*(-364)
364 + j*(-364)
364 + j*(-364)
-364 + j*(364)
364 + j*(364)
364 + j*(364)
-364 + j*(364)
-364 + j*(364)
-364 + j*(-364)
-364 + j*(-364)
364 + j*(-364)
364 + j*(364)
-364 + j*(-364)
-364 + j*(-364)
-364 + j*(-364)
364 + j*(364)
-364 + j*(-364)
364 + j*(-364)
-364 + j*(-364)
-364 + j*(364)
-364 + j*(364)
364 + j*(364)
-364 + j*(-364)
364 + j*(364)
-364 + j*(364)
-364 + j*(-364)
-364 + j*(-364)
364 + j*(-364)
-364 + j*(364)
364 + j*(364)
-364 + j*(-364)
364 + j*(-364)
-364 + j*(-364)
-364 + j*(-364)
364 + j*(-364)
-364 + j*(-364)
364 + j*(364)
364 + j*(-364)
-364 + j*(-364)
-364 + j*(-364)
-364 + j*(-364)
-364 + j*(364)
-364 + j*(364)
364 + j*(-364)
364 + j*(364)
364 + j*(364)
-364 + j*(-364)
-364 + j*(-364)
-364 + j*(364)
-364 + j*(364)
-364 + j*(-364)
-364 + j*(364)
364 + j*(-364)
364 + j*(-364)
364 + j*(364)
364 + j*(-364)
364 + j*(-364)
-364 + j*(364)
364 + j*(-364)
364 + j*(-364)
364 + j*(364)
364 + j*(-364)
-364 + j*(-364)
364 + j*(-364)
364 + j*(-364)
-364 + j*(364)
-364 + j*(364)
364 + j*(364)
-364 + j*(364)
-364 + j*(364)
364 + j*(364)
-364 + j*(-364)
364 + j*(-364)
-364 + j*(364)
364 + j*(364)
364 + j*(364)
364 + j*(-364)
-364 + j*(-364)
364 + j*(-364)
-364 + j*(364)
-364 + j*(-364)
364 + j*(364)
-364 + j*(364)
-364 + j*(-364)
364 + j*(-364)
364 + j*(364)
-364 + j*(364)
364 + j*(-364)
-364 + j*(-364)
-364 + j*(-364)
364 + j*(-364)
-364 + j*(-364)
364 + j*(364)
-364 + j*(-364)
364 + j*(-364)
364 + j*(-364)
-364 + j*(364)
-364 + j*(364)
364 + j*(364)
-364 + j*(-364)
364 + j*(364)
-364 + j*(364)
-364 + j*(364)
-364 + j*(364)
364 + j*(-364)
-364 + j*(364)
-364 + j*(364)
-364 + j*(-364)
-364 + j*(-364)
-364 + j*(364)
-364 + j*(-364)
364 + j*(364)
-364 + j*(364)
364 + j*(-364)
364 + j*(364)
364 + j*(-364)
-364 + j*(364)
-364 + j*(364)
-364 + j*(364)
-364 + j*(364)
-364 + j*(-364)
-364 + j*(-364)
364 + j*(-364)
-364 + j*(364)
364 + j*(364)
364 + j*(-364)
-364 + j*(364)
-364 + j*(-364)
364 + j*(-364)
364 + j*(-364)
364 + j*(-364)
-364 + j*(-364)
364 + j*(364)
364 + j*(-364)
-364 + j*(364)
364 + j*(-364)
364 + j*(364)
-364 + j*(364)
-364 + j*(-364)
364 + j*(-364)
-364 + j*(-364)
-364 + j*(-364)
-364 + j*(-364)
-364 + j*(364)
364 + j*(364)
-364 + j*(364)
-364 + j*(364)
364 + j*(364)
-364 + j*(-364)
-364 + j*(364)
-364 + j*(364)
364 + j*(-364)
-364 + j*(-364)
-364 + j*(364)
364 + j*(-364)
-364 + j*(364)
364 + j*(-364)
-364 + j*(-364)
364 + j*(364)
364 + j*(364)
364 + j*(-364)
-364 + j*(364)
364 + j*(364)
-364 + j*(364)
364 + j*(364)
-364 + j*(-364)
364 + j*(364)
-364 + j*(364)
364 + j*(364)
364 + j*(364)
364 + j*(-364)
-364 + j*(364)
364 + j*(-364)
364 + j*(-364)
-364 + j*(-364)
-364 + j*(364)
-364 + j*(364)
364 + j*(364)
-364 + j*(-364)
-364 + j*(364)
-364 + j*(-364)
-364 + j*(364)
-364 + j*(364)
-364 + j*(364)
-364 + j*(364)
-364 + j*(364)
364 + j*(364)
364 + j*(-364)
-364 + j*(-364)
364 + j*(-364)
-364 + j*(364)
364 + j*(364)
-364 + j*(364)
364 + j*(364)
364 + j*(-364)
364 + j*(364)
364 + j*(364)
-364 + j*(364)
-364 + j*(-364)
364 + j*(364)
364 + j*(-364)
364 + j*(-364)
364 + j*(364)
364 + j*(-364)
364 + j*(364)
-364 + j*(-364)
-364 + j*(-364)
-364 + j*(-364)
364 + j*(364)
364 + j*(364)
-364 + j*(-364)
-364 + j*(-364)
-364 + j*(-364)
-364 + j*(364)
364 + j*(364)
364 + j*(364)
364 + j*(364)
-364 + j*(-364)
364 + j*(-364)
-364 + j*(-364)
-364 + j*(-364)
-364 + j*(364)
364 + j*(-364)
364 + j*(364)
-364 + j*(-364)
-364 + j*(364)
-364 + j*(-364)
-364 + j*(-364)
364 + j*(364)
364 + j*(-364)
364 + j*(-364)
364 + j*(364)
-364 + j*(-364)
364 + j*(-364)
-364 + j*(-364)
364 + j*(364)
-364 + j*(364)
364 + j*(-364)
364 + j*(-364)
-364 + j*(364)
364 + j*(364)
-364 + j*(364)
364 + j*(364)
364 + j*(-364)
364 + j*(-364)
364 + j*(364)
364 + j*(364)
364 + j*(-364)
-364 + j*(364)
364 + j*(364)
364 + j*(364)
-364 + j*(-364)
-364 + j*(364)
364 + j*(364)
-364 + j*(364)
-364 + j*(364)
364 + j*(364)
364 + j*(-364)
364 + j*(364)
-364 + j*(364)
364 + j*(364)
364 + j*(-364)
-364 + j*(-364)
-364 + j*(-364)
364 + j*(-364)
364 + j*(-364)
364 + j*(-364)
-364 + j*(364)
-364 + j*(-364)
364 + j*(-364)
364 + j*(-364)
-364 + j*(-364)
364 + j*(-364)
-364 + j*(-364)
364 + j*(364)
-364 + j*(-364)
364 + j*(-364)
364 + j*(-364)
364 + j*(364)
-364 + j*(-364)
364 + j*(-364)
-364 + j*(-364)
-364 + j*(-364)
364 + j*(-364)
-364 + j*(-364)
-364 + j*(-364)
-364 + j*(364)
364 + j*(364)
364 + j*(364)
-364 + j*(364)
364 + j*(364)
364 + j*(364)
364 + j*(-364)
-364 + j*(-364)
364 + j*(364)
364 + j*(-364)
-364 + j*(364)
-364 + j*(-364)
-364 + j*(-364)
-364 + j*(-364)
-364 + j*(-364)
364 + j*(364)
364 + j*(364)
364 + j*(364)
364 + j*(364)
364 + j*(-364)
-364 + j*(-364)
364 + j*(364)
-364 + j*(364)
364 + j*(364)
364 + j*(-364)
-364 + j*(-364)
364 + j*(-364)
-364 + j*(364)
364 + j*(-364)
-364 + j*(-364)
364 + j*(364)
364 + j*(364)
364 + j*(364)
364 + j*(364)
364 + j*(364)
-364 + j*(364)
-364 + j*(364)
-364 + j*(-364)
364 + j*(364)
364 + j*(364)
364 + j*(-364)
364 + j*(364)
-364 + j*(364)
-364 + j*(-364)
-364 + j*(-364)
364 + j*(-364)
364 + j*(-364)
364 + j*(364)
-364 + j*(364)
364 + j*(364)
-364 + j*(364)
-364 + j*(-364)
-364 + j*(364)
364 + j*(-364)
364 + j*(364)
-364 + j*(-364)
-364 + j*(-364)
-364 + j*(364)
364 + j*(-364)
-364 + j*(-364)
-364 + j*(-364)
-364 + j*(-364)
364 + j*(364)
-364 + j*(-364)
364 + j*(-364)
