y1024 = [-187 + j*(221)
-406 + j*(39)
-200 + j*(-365)
275 + j*(-574)
631 + j*(-440)
516 + j*(-229)
101 + j*(-17)
-79 + j*(189)
-38 + j*(185)
-270 + j*(-3)
-622 + j*(-69)
-411 + j*(-8)
258 + j*(-44)
497 + j*(-117)
78 + j*(-68)
-242 + j*(69)
33 + j*(234)
476 + j*(288)
492 + j*(10)
142 + j*(-386)
-130 + j*(-339)
-169 + j*(98)
-65 + j*(304)
172 + j*(160)
362 + j*(4)
135 + j*(-129)
-250 + j*(-266)
-53 + j*(-138)
500 + j*(186)
450 + j*(255)
-40 + j*(118)
-41 + j*(146)
174 + j*(181)
-107 + j*(-4)
-265 + j*(-43)
230 + j*(149)
311 + j*(30)
-439 + j*(-376)
-544 + j*(-365)
462 + j*(63)
956 + j*(234)
375 + j*(134)
67 + j*(161)
410 + j*(154)
379 + j*(-69)
-99 + j*(-147)
-232 + j*(8)
-70 + j*(-32)
-43 + j*(-202)
-9 + j*(-64)
67 + j*(147)
-82 + j*(-19)
-257 + j*(-195)
-186 + j*(83)
-187 + j*(386)
-387 + j*(231)
-353 + j*(-36)
-84 + j*(-30)
-46 + j*(-69)
-167 + j*(-416)
-96 + j*(-619)
-77 + j*(-229)
-307 + j*(388)
-305 + j*(520)
100 + j*(134)
250 + j*(-152)
-129 + j*(-71)
-387 + j*(-4)
-151 + j*(-175)
133 + j*(-307)
154 + j*(-242)
102 + j*(-193)
28 + j*(-268)
-165 + j*(-328)
-240 + j*(-227)
-77 + j*(128)
-95 + j*(580)
-396 + j*(575)
-374 + j*(-60)
81 + j*(-549)
243 + j*(-303)
-41 + j*(112)
-133 + j*(65)
-2 + j*(-126)
-111 + j*(-45)
-193 + j*(79)
104 + j*(46)
189 + j*(-17)
-287 + j*(-97)
-600 + j*(-159)
-414 + j*(27)
-312 + j*(298)
-374 + j*(174)
-167 + j*(-223)
75 + j*(-326)
31 + j*(-124)
69 + j*(2)
239 + j*(39)
84 + j*(116)
-66 + j*(84)
361 + j*(-128)
734 + j*(-325)
349 + j*(-309)
-113 + j*(5)
11 + j*(458)
209 + j*(545)
167 + j*(86)
251 + j*(-324)
287 + j*(-248)
-148 + j*(-96)
-513 + j*(-211)
-146 + j*(-221)
474 + j*(128)
530 + j*(457)
58 + j*(432)
-298 + j*(139)
-94 + j*(-148)
445 + j*(-158)
627 + j*(72)
203 + j*(102)
-291 + j*(-184)
-409 + j*(-303)
-279 + j*(-96)
-101 + j*(-14)
-25 + j*(-79)
-180 + j*(211)
-233 + j*(767)
153 + j*(902)
399 + j*(493)
-5 + j*(98)
-352 + j*(59)
-169 + j*(179)
-269 + j*(93)
-799 + j*(-175)
-669 + j*(-113)
91 + j*(426)
212 + j*(680)
-252 + j*(181)
-194 + j*(-289)
271 + j*(-105)
306 + j*(87)
20 + j*(-133)
-128 + j*(-93)
-150 + j*(387)
-35 + j*(534)
181 + j*(263)
123 + j*(150)
-139 + j*(31)
-147 + j*(-434)
-82 + j*(-653)
-245 + j*(-238)
-132 + j*(114)
419 + j*(32)
581 + j*(-1)
148 + j*(43)
-71 + j*(-202)
114 + j*(-408)
178 + j*(-202)
74 + j*(-59)
-14 + j*(-237)
-154 + j*(-212)
-163 + j*(92)
92 + j*(149)
157 + j*(32)
-50 + j*(126)
15 + j*(160)
138 + j*(-131)
-278 + j*(-268)
-590 + j*(49)
-72 + j*(342)
412 + j*(220)
140 + j*(-188)
-57 + j*(-590)
169 + j*(-656)
-70 + j*(-311)
-637 + j*(-122)
-402 + j*(-463)
356 + j*(-676)
477 + j*(-182)
130 + j*(333)
106 + j*(92)
169 + j*(-496)
-142 + j*(-695)
-481 + j*(-507)
-433 + j*(-278)
-68 + j*(-159)
401 + j*(-175)
633 + j*(-198)
300 + j*(-83)
-285 + j*(-17)
-444 + j*(-214)
-151 + j*(-365)
15 + j*(-68)
-160 + j*(398)
-296 + j*(412)
-172 + j*(-104)
-83 + j*(-517)
-225 + j*(-279)
-211 + j*(242)
194 + j*(187)
406 + j*(-416)
17 + j*(-645)
-264 + j*(-300)
118 + j*(-126)
470 + j*(-268)
226 + j*(-213)
-37 + j*(-21)
78 + j*(67)
116 + j*(388)
-22 + j*(772)
55 + j*(364)
195 + j*(-479)
74 + j*(-495)
-29 + j*(1)
70 + j*(-169)
94 + j*(-492)
109 + j*(63)
308 + j*(709)
242 + j*(476)
-286 + j*(61)
-490 + j*(39)
-58 + j*(-151)
159 + j*(-385)
-159 + j*(56)
-222 + j*(556)
161 + j*(158)
233 + j*(-424)
-150 + j*(-226)
-344 + j*(124)
-217 + j*(-106)
-180 + j*(-351)
-251 + j*(-62)
-189 + j*(302)
-62 + j*(277)
45 + j*(96)
246 + j*(147)
369 + j*(371)
65 + j*(305)
-409 + j*(-234)
-444 + j*(-701)
-144 + j*(-614)
-102 + j*(-344)
-298 + j*(-282)
-325 + j*(-162)
-270 + j*(51)
-324 + j*(-57)
-236 + j*(-271)
-11 + j*(-31)
-49 + j*(337)
-157 + j*(244)
115 + j*(17)
312 + j*(91)
-35 + j*(155)
-180 + j*(-6)
333 + j*(-121)
493 + j*(-147)
-160 + j*(-205)
-466 + j*(-145)
38 + j*(76)
268 + j*(275)
-142 + j*(465)
-262 + j*(549)
178 + j*(215)
514 + j*(-173)
534 + j*(116)
475 + j*(654)
306 + j*(386)
34 + j*(-434)
-91 + j*(-672)
1 + j*(-217)
174 + j*(171)
290 + j*(157)
195 + j*(-33)
-38 + j*(-95)
-99 + j*(50)
-82 + j*(71)
-272 + j*(-237)
-358 + j*(-369)
-33 + j*(-51)
161 + j*(66)
-140 + j*(-248)
-345 + j*(-218)
-172 + j*(210)
-130 + j*(130)
-225 + j*(-317)
1 + j*(-150)
263 + j*(333)
37 + j*(119)
-366 + j*(-446)
-507 + j*(-380)
-472 + j*(104)
-308 + j*(192)
-40 + j*(-145)
-25 + j*(-381)
-240 + j*(-251)
-121 + j*(72)
272 + j*(213)
327 + j*(62)
71 + j*(-84)
-118 + j*(-54)
-252 + j*(57)
-177 + j*(261)
377 + j*(414)
813 + j*(145)
508 + j*(-262)
149 + j*(-71)
399 + j*(394)
513 + j*(225)
16 + j*(-251)
-194 + j*(-179)
270 + j*(95)
468 + j*(56)
-34 + j*(173)
-501 + j*(507)
-417 + j*(339)
10 + j*(-119)
398 + j*(-76)
447 + j*(65)
147 + j*(-268)
-82 + j*(-418)
-48 + j*(-61)
-15 + j*(-2)
38 + j*(-290)
266 + j*(-176)
235 + j*(1)
-340 + j*(-391)
-664 + j*(-574)
-140 + j*(60)
385 + j*(551)
67 + j*(315)
-467 + j*(149)
-331 + j*(315)
169 + j*(180)
308 + j*(-152)
107 + j*(-123)
-50 + j*(-4)
-105 + j*(-187)
-100 + j*(-338)
31 + j*(-213)
189 + j*(-14)
151 + j*(273)
3 + j*(642)
-19 + j*(671)
-2 + j*(258)
-104 + j*(-60)
-139 + j*(-17)
-28 + j*(149)
-107 + j*(291)
-398 + j*(378)
-456 + j*(351)
-294 + j*(379)
-343 + j*(564)
-380 + j*(513)
17 + j*(56)
292 + j*(-203)
-176 + j*(55)
-643 + j*(247)
-250 + j*(57)
329 + j*(-37)
146 + j*(141)
-325 + j*(195)
-199 + j*(104)
317 + j*(111)
542 + j*(-15)
442 + j*(-347)
342 + j*(-241)
300 + j*(365)
199 + j*(391)
10 + j*(-416)
-164 + j*(-729)
-167 + j*(-86)
73 + j*(165)
364 + j*(-482)
351 + j*(-677)
-28 + j*(68)
-319 + j*(459)
-160 + j*(41)
68 + j*(-134)
-128 + j*(202)
-402 + j*(294)
-203 + j*(171)
95 + j*(272)
-91 + j*(208)
-353 + j*(-233)
-61 + j*(-328)
408 + j*(70)
307 + j*(167)
-303 + j*(-112)
-750 + j*(-141)
-583 + j*(22)
21 + j*(7)
392 + j*(-41)
169 + j*(-97)
-148 + j*(-318)
-53 + j*(-274)
127 + j*(192)
12 + j*(255)
-132 + j*(-254)
-84 + j*(-337)
-9 + j*(39)
77 + j*(-97)
140 + j*(-456)
-115 + j*(-175)
-509 + j*(96)
-478 + j*(-292)
-185 + j*(-373)
-129 + j*(171)
-25 + j*(119)
382 + j*(-463)
428 + j*(-205)
-73 + j*(459)
-228 + j*(129)
164 + j*(-480)
246 + j*(-59)
-129 + j*(562)
-305 + j*(323)
-248 + j*(-35)
-300 + j*(90)
-304 + j*(47)
-132 + j*(-296)
-65 + j*(-314)
-155 + j*(-15)
-174 + j*(263)
-76 + j*(525)
121 + j*(553)
347 + j*(222)
332 + j*(113)
134 + j*(351)
176 + j*(163)
282 + j*(-332)
-56 + j*(-218)
-436 + j*(146)
-176 + j*(-133)
255 + j*(-435)
113 + j*(-38)
-300 + j*(204)
-441 + j*(-179)
-383 + j*(-242)
-217 + j*(136)
47 + j*(15)
107 + j*(-376)
-2 + j*(-213)
199 + j*(26)
552 + j*(-162)
469 + j*(-105)
198 + j*(296)
267 + j*(179)
365 + j*(-232)
168 + j*(-47)
67 + j*(224)
152 + j*(-173)
22 + j*(-444)
-180 + j*(83)
-45 + j*(505)
154 + j*(211)
122 + j*(-47)
213 + j*(160)
508 + j*(338)
490 + j*(298)
105 + j*(287)
-59 + j*(228)
189 + j*(-39)
395 + j*(-252)
222 + j*(-106)
-153 + j*(285)
-327 + j*(477)
-181 + j*(200)
29 + j*(-166)
196 + j*(-62)
474 + j*(206)
698 + j*(-86)
496 + j*(-639)
93 + j*(-533)
80 + j*(123)
401 + j*(476)
526 + j*(408)
328 + j*(297)
36 + j*(93)
-199 + j*(-194)
-296 + j*(-81)
-249 + j*(392)
-143 + j*(444)
7 + j*(-94)
104 + j*(-344)
-64 + j*(159)
-272 + j*(649)
-34 + j*(384)
398 + j*(-136)
387 + j*(-73)
123 + j*(361)
41 + j*(460)
-98 + j*(332)
-296 + j*(411)
-22 + j*(377)
370 + j*(-118)
127 + j*(-470)
-144 + j*(-178)
250 + j*(186)
330 + j*(95)
-418 + j*(-72)
-604 + j*(5)
191 + j*(2)
438 + j*(-222)
-79 + j*(-346)
4 + j*(-196)
457 + j*(40)
138 + j*(109)
-230 + j*(-32)
263 + j*(-121)
507 + j*(10)
-162 + j*(56)
-431 + j*(-119)
136 + j*(-46)
286 + j*(326)
-144 + j*(256)
-150 + j*(-291)
106 + j*(-388)
-73 + j*(42)
-223 + j*(124)
70 + j*(-143)
115 + j*(-83)
-317 + j*(125)
-486 + j*(-2)
-288 + j*(-118)
-322 + j*(68)
-451 + j*(172)
-130 + j*(137)
301 + j*(262)
195 + j*(331)
-147 + j*(124)
-55 + j*(6)
278 + j*(-2)
274 + j*(-340)
133 + j*(-678)
401 + j*(-397)
762 + j*(4)
525 + j*(-113)
-36 + j*(-127)
-158 + j*(451)
58 + j*(791)
104 + j*(406)
97 + j*(113)
202 + j*(318)
101 + j*(395)
-147 + j*(226)
-15 + j*(324)
335 + j*(454)
337 + j*(77)
135 + j*(-269)
23 + j*(141)
-248 + j*(689)
-491 + j*(415)
-43 + j*(-331)
