y128 = [-163 + j*(-355)
136 + j*(-453)
304 + j*(-196)
258 + j*(367)
-53 + j*(366)
-456 + j*(-306)
-610 + j*(-670)
-501 + j*(-325)
-351 + j*(92)
-144 + j*(170)
122 + j*(151)
148 + j*(187)
-74 + j*(186)
-79 + j*(173)
252 + j*(185)
502 + j*(117)
506 + j*(-41)
435 + j*(-141)
290 + j*(-88)
74 + j*(97)
-35 + j*(281)
-136 + j*(285)
-412 + j*(119)
-422 + j*(-6)
178 + j*(-77)
651 + j*(-252)
336 + j*(-402)
-84 + j*(-296)
51 + j*(-111)
122 + j*(-70)
-274 + j*(46)
-359 + j*(298)
161 + j*(223)
455 + j*(-205)
296 + j*(-281)
305 + j*(114)
406 + j*(162)
111 + j*(-296)
-104 + j*(-342)
255 + j*(271)
468 + j*(569)
50 + j*(132)
-197 + j*(-198)
83 + j*(57)
37 + j*(226)
-477 + j*(-104)
-478 + j*(-310)
95 + j*(47)
233 + j*(452)
-136 + j*(431)
-199 + j*(268)
-22 + j*(262)
-193 + j*(207)
-412 + j*(4)
-135 + j*(-66)
229 + j*(37)
157 + j*(35)
7 + j*(-23)
157 + j*(106)
253 + j*(211)
33 + j*(24)
-132 + j*(-60)
9 + j*(330)
194 + j*(672)
224 + j*(418)
181 + j*(21)
97 + j*(72)
-3 + j*(208)
35 + j*(-93)
158 + j*(-491)
45 + j*(-449)
-265 + j*(-147)
-260 + j*(-83)
127 + j*(-316)
296 + j*(-516)
22 + j*(-403)
-117 + j*(-44)
145 + j*(181)
264 + j*(98)
-56 + j*(40)
-314 + j*(233)
-211 + j*(333)
-122 + j*(77)
-196 + j*(-190)
-109 + j*(-162)
79 + j*(-64)
-14 + j*(-113)
-202 + j*(-197)
-40 + j*(-223)
186 + j*(-203)
-66 + j*(-97)
-508 + j*(2)
-496 + j*(-55)
-139 + j*(-110)
11 + j*(-18)
-93 + j*(-88)
-98 + j*(-418)
80 + j*(-477)
187 + j*(-135)
28 + j*(-64)
-284 + j*(-363)
-409 + j*(-282)
-221 + j*(194)
-8 + j*(215)
12 + j*(-194)
-14 + j*(-210)
-23 + j*(67)
-172 + j*(-100)
-287 + j*(-477)
-11 + j*(-359)
373 + j*(2)
284 + j*(39)
-41 + j*(-3)
59 + j*(250)
384 + j*(491)
222 + j*(386)
-287 + j*(109)
-341 + j*(-42)
204 + j*(80)
630 + j*(383)
346 + j*(391)
-419 + j*(-96)
-842 + j*(-358)
-421 + j*(180)
334 + j*(760)
511 + j*(501)
52 + j*(-126)
-295 + j*(-338)
];
