y1536 = [-7 + j*(-8)
202 + j*(400)
441 + j*(48)
83 + j*(-66)
-176 + j*(130)
-311 + j*(186)
-484 + j*(568)
-109 + j*(199)
502 + j*(-32)
99 + j*(490)
-893 + j*(278)
-660 + j*(515)
295 + j*(1058)
333 + j*(467)
-367 + j*(106)
-309 + j*(215)
775 + j*(222)
775 + j*(167)
296 + j*(-253)
1083 + j*(-299)
715 + j*(47)
-547 + j*(-4)
-449 + j*(193)
-462 + j*(585)
-521 + j*(455)
-122 + j*(374)
-154 + j*(357)
184 + j*(-111)
318 + j*(-314)
-221 + j*(-127)
-46 + j*(21)
368 + j*(293)
323 + j*(247)
264 + j*(109)
414 + j*(71)
357 + j*(-322)
-305 + j*(-69)
-520 + j*(-6)
-156 + j*(-785)
-72 + j*(-115)
10 + j*(379)
-271 + j*(-563)
-323 + j*(-249)
432 + j*(110)
6 + j*(-292)
-859 + j*(150)
-294 + j*(-102)
105 + j*(-805)
-159 + j*(-261)
-157 + j*(255)
-135 + j*(335)
-89 + j*(248)
-111 + j*(-314)
-152 + j*(-232)
111 + j*(358)
-102 + j*(-61)
-433 + j*(-644)
186 + j*(-416)
229 + j*(-226)
-555 + j*(2)
-329 + j*(472)
-88 + j*(398)
-442 + j*(44)
-299 + j*(-35)
-234 + j*(-149)
-16 + j*(-234)
435 + j*(70)
122 + j*(265)
-54 + j*(-4)
27 + j*(61)
-211 + j*(349)
-236 + j*(153)
-295 + j*(230)
-226 + j*(388)
186 + j*(-217)
464 + j*(-395)
484 + j*(80)
-55 + j*(-121)
-388 + j*(-283)
-91 + j*(304)
-100 + j*(176)
-158 + j*(-405)
21 + j*(-44)
167 + j*(212)
163 + j*(-124)
211 + j*(-320)
491 + j*(-263)
81 + j*(236)
-197 + j*(281)
379 + j*(-27)
379 + j*(218)
331 + j*(-53)
9 + j*(80)
-549 + j*(763)
273 + j*(54)
484 + j*(-139)
-80 + j*(393)
-97 + j*(10)
-384 + j*(47)
195 + j*(4)
400 + j*(-259)
-130 + j*(72)
782 + j*(9)
502 + j*(252)
-548 + j*(352)
-40 + j*(-439)
294 + j*(-244)
609 + j*(245)
300 + j*(23)
-259 + j*(-27)
335 + j*(-285)
38 + j*(-417)
-13 + j*(119)
453 + j*(157)
-310 + j*(-394)
-147 + j*(-87)
331 + j*(449)
227 + j*(-35)
278 + j*(-179)
-397 + j*(6)
-303 + j*(-77)
364 + j*(383)
319 + j*(135)
167 + j*(-319)
-512 + j*(159)
-342 + j*(-13)
9 + j*(124)
-689 + j*(517)
-55 + j*(-100)
338 + j*(-74)
8 + j*(-31)
654 + j*(-372)
208 + j*(-94)
-228 + j*(-270)
306 + j*(-521)
-132 + j*(-473)
-514 + j*(-438)
-286 + j*(-293)
-214 + j*(-531)
-363 + j*(-87)
57 + j*(334)
539 + j*(-407)
-622 + j*(-333)
-796 + j*(-229)
171 + j*(-518)
-527 + j*(270)
-264 + j*(721)
426 + j*(653)
-361 + j*(504)
-444 + j*(77)
-379 + j*(168)
206 + j*(-216)
841 + j*(-692)
-374 + j*(-26)
-347 + j*(88)
486 + j*(-315)
-36 + j*(-204)
124 + j*(-190)
201 + j*(41)
-63 + j*(456)
467 + j*(-19)
477 + j*(-551)
44 + j*(-13)
-32 + j*(64)
294 + j*(-352)
451 + j*(143)
-59 + j*(-99)
-237 + j*(-576)
-77 + j*(208)
151 + j*(-213)
301 + j*(-967)
-219 + j*(-141)
-239 + j*(-15)
-149 + j*(-409)
-625 + j*(-145)
-161 + j*(6)
334 + j*(137)
344 + j*(59)
517 + j*(-247)
100 + j*(-216)
-17 + j*(-35)
73 + j*(114)
-305 + j*(204)
172 + j*(163)
458 + j*(-169)
-243 + j*(-204)
-532 + j*(288)
-304 + j*(-237)
243 + j*(-859)
282 + j*(16)
-361 + j*(338)
-192 + j*(-148)
183 + j*(80)
-74 + j*(303)
-76 + j*(220)
288 + j*(207)
512 + j*(211)
47 + j*(-26)
-587 + j*(-312)
-293 + j*(226)
217 + j*(474)
270 + j*(81)
135 + j*(646)
-131 + j*(492)
-103 + j*(-479)
274 + j*(275)
430 + j*(680)
208 + j*(-332)
208 + j*(-308)
732 + j*(300)
565 + j*(159)
-326 + j*(-329)
-416 + j*(-291)
-277 + j*(130)
-446 + j*(24)
-115 + j*(9)
47 + j*(77)
-159 + j*(-286)
-151 + j*(-268)
-209 + j*(-103)
73 + j*(307)
322 + j*(492)
39 + j*(-427)
421 + j*(-156)
569 + j*(714)
-39 + j*(-73)
346 + j*(-388)
419 + j*(89)
-288 + j*(196)
31 + j*(291)
155 + j*(18)
-169 + j*(-200)
-17 + j*(-188)
-75 + j*(62)
-12 + j*(490)
-48 + j*(322)
-185 + j*(467)
40 + j*(62)
-98 + j*(-991)
316 + j*(-124)
406 + j*(261)
-677 + j*(-497)
-288 + j*(16)
-62 + j*(-154)
-671 + j*(-459)
329 + j*(164)
323 + j*(282)
-414 + j*(506)
304 + j*(67)
526 + j*(-461)
480 + j*(-68)
165 + j*(-435)
-176 + j*(-163)
477 + j*(227)
-206 + j*(-659)
-626 + j*(-233)
720 + j*(311)
505 + j*(-9)
-89 + j*(140)
233 + j*(-178)
-25 + j*(146)
-42 + j*(554)
75 + j*(-431)
-383 + j*(-356)
-842 + j*(184)
-414 + j*(-141)
527 + j*(-249)
162 + j*(-514)
-399 + j*(-284)
-3 + j*(242)
62 + j*(-241)
177 + j*(-353)
36 + j*(-68)
-516 + j*(-118)
-163 + j*(318)
96 + j*(329)
-160 + j*(-274)
-124 + j*(-57)
-62 + j*(357)
231 + j*(373)
600 + j*(263)
337 + j*(-278)
-232 + j*(-426)
-73 + j*(-40)
374 + j*(-115)
-74 + j*(75)
-59 + j*(206)
568 + j*(-170)
62 + j*(252)
-205 + j*(177)
285 + j*(-595)
57 + j*(-77)
-282 + j*(201)
-148 + j*(-28)
158 + j*(436)
267 + j*(65)
32 + j*(-575)
6 + j*(-429)
-4 + j*(-246)
-165 + j*(297)
-130 + j*(228)
10 + j*(-514)
209 + j*(0)
102 + j*(345)
-51 + j*(-222)
365 + j*(115)
270 + j*(289)
-307 + j*(-273)
24 + j*(-160)
411 + j*(29)
238 + j*(81)
428 + j*(280)
272 + j*(35)
-349 + j*(179)
197 + j*(498)
796 + j*(-17)
-110 + j*(-46)
-669 + j*(550)
-54 + j*(697)
124 + j*(464)
-260 + j*(-115)
-127 + j*(-427)
224 + j*(-225)
192 + j*(-46)
263 + j*(-21)
278 + j*(-548)
-20 + j*(-692)
-90 + j*(41)
-331 + j*(99)
-526 + j*(-132)
64 + j*(8)
436 + j*(-12)
20 + j*(-5)
-389 + j*(-32)
-160 + j*(402)
209 + j*(795)
51 + j*(-141)
27 + j*(-714)
91 + j*(-257)
-16 + j*(-45)
234 + j*(120)
151 + j*(116)
-109 + j*(-20)
1 + j*(-59)
-153 + j*(-256)
-186 + j*(-75)
-35 + j*(-28)
293 + j*(-391)
910 + j*(-224)
617 + j*(-152)
-77 + j*(-385)
-118 + j*(-180)
186 + j*(124)
414 + j*(150)
-234 + j*(-107)
-627 + j*(-268)
-55 + j*(-184)
-207 + j*(-165)
-487 + j*(-40)
-327 + j*(-74)
-383 + j*(-244)
88 + j*(1)
424 + j*(1)
-94 + j*(-256)
-309 + j*(-165)
-203 + j*(-277)
-294 + j*(-480)
4 + j*(-222)
469 + j*(163)
33 + j*(314)
-199 + j*(165)
496 + j*(-4)
393 + j*(-74)
-53 + j*(-249)
9 + j*(-308)
-284 + j*(-128)
-356 + j*(213)
-262 + j*(373)
-486 + j*(-242)
-385 + j*(-804)
-170 + j*(-449)
225 + j*(-249)
565 + j*(-404)
-81 + j*(-240)
-722 + j*(-242)
-152 + j*(-395)
697 + j*(-187)
505 + j*(293)
12 + j*(435)
50 + j*(-156)
88 + j*(-164)
228 + j*(672)
-16 + j*(564)
-475 + j*(89)
8 + j*(332)
-66 + j*(334)
-613 + j*(-89)
-58 + j*(-347)
198 + j*(-7)
-86 + j*(542)
-182 + j*(308)
-90 + j*(-147)
295 + j*(-100)
83 + j*(238)
-35 + j*(423)
159 + j*(75)
-370 + j*(177)
-156 + j*(650)
300 + j*(389)
-31 + j*(426)
347 + j*(530)
279 + j*(144)
-494 + j*(443)
-371 + j*(274)
-242 + j*(-465)
-108 + j*(-130)
33 + j*(-109)
-439 + j*(-369)
-95 + j*(190)
428 + j*(-21)
-233 + j*(-383)
-459 + j*(306)
154 + j*(182)
267 + j*(-551)
-337 + j*(-206)
-482 + j*(164)
222 + j*(-314)
-70 + j*(-488)
-592 + j*(54)
333 + j*(274)
217 + j*(-156)
-416 + j*(-272)
283 + j*(-247)
-75 + j*(-707)
-288 + j*(-409)
745 + j*(220)
388 + j*(-381)
76 + j*(-440)
436 + j*(315)
-4 + j*(-192)
-308 + j*(-601)
-454 + j*(44)
-32 + j*(76)
406 + j*(-379)
-249 + j*(-408)
152 + j*(-212)
861 + j*(-20)
516 + j*(315)
397 + j*(367)
-113 + j*(-338)
-181 + j*(-427)
156 + j*(297)
-399 + j*(86)
206 + j*(-240)
735 + j*(73)
-319 + j*(-202)
-467 + j*(-551)
-147 + j*(-319)
-252 + j*(-47)
-211 + j*(145)
-43 + j*(24)
263 + j*(-407)
-68 + j*(-583)
-314 + j*(-177)
50 + j*(546)
-172 + j*(727)
-135 + j*(181)
347 + j*(-331)
396 + j*(-365)
207 + j*(69)
-201 + j*(479)
145 + j*(195)
686 + j*(-79)
-18 + j*(358)
-444 + j*(315)
-266 + j*(-107)
-145 + j*(114)
539 + j*(-162)
696 + j*(-396)
0 + j*(320)
-185 + j*(69)
-233 + j*(-214)
-360 + j*(312)
-68 + j*(-472)
-83 + j*(-676)
-75 + j*(435)
368 + j*(23)
-64 + j*(-534)
-334 + j*(-162)
327 + j*(-114)
-43 + j*(271)
-277 + j*(278)
204 + j*(-288)
-367 + j*(260)
-156 + j*(476)
406 + j*(-289)
-524 + j*(-92)
-105 + j*(95)
1045 + j*(-533)
350 + j*(-335)
-30 + j*(-17)
240 + j*(-487)
-36 + j*(-354)
153 + j*(77)
357 + j*(-46)
23 + j*(32)
35 + j*(169)
-20 + j*(-38)
-232 + j*(-195)
-20 + j*(-266)
-125 + j*(-267)
-176 + j*(-186)
349 + j*(-14)
5 + j*(227)
-282 + j*(308)
636 + j*(320)
569 + j*(221)
-193 + j*(51)
-54 + j*(158)
-140 + j*(200)
-324 + j*(166)
-278 + j*(219)
-652 + j*(-73)
-450 + j*(-12)
-143 + j*(539)
-550 + j*(272)
-215 + j*(5)
80 + j*(567)
-341 + j*(480)
173 + j*(30)
605 + j*(365)
265 + j*(569)
165 + j*(421)
-394 + j*(274)
-467 + j*(-200)
326 + j*(-372)
46 + j*(-233)
-118 + j*(-290)
467 + j*(194)
344 + j*(449)
156 + j*(-273)
71 + j*(-166)
159 + j*(437)
562 + j*(-103)
-8 + j*(-195)
-361 + j*(586)
415 + j*(288)
416 + j*(-152)
34 + j*(310)
96 + j*(208)
