y2048 = [-41 + j*(-250)
-43 + j*(-298)
-214 + j*(58)
-318 + j*(77)
-342 + j*(-380)
-370 + j*(-518)
-308 + j*(-145)
-161 + j*(-13)
-134 + j*(-327)
-235 + j*(-445)
-209 + j*(-173)
-6 + j*(-29)
110 + j*(-169)
64 + j*(-191)
136 + j*(25)
387 + j*(145)
443 + j*(31)
121 + j*(-59)
-204 + j*(4)
-192 + j*(18)
13 + j*(-86)
83 + j*(-107)
-43 + j*(-33)
-158 + j*(-99)
-68 + j*(-236)
125 + j*(-202)
155 + j*(-126)
18 + j*(-156)
-28 + j*(-11)
78 + j*(346)
164 + j*(381)
139 + j*(70)
19 + j*(69)
-107 + j*(335)
-32 + j*(224)
190 + j*(-26)
148 + j*(237)
-151 + j*(559)
-195 + j*(258)
-14 + j*(-111)
-26 + j*(98)
54 + j*(348)
510 + j*(133)
582 + j*(-136)
-70 + j*(-185)
-415 + j*(-205)
-82 + j*(-91)
-101 + j*(211)
-542 + j*(220)
-344 + j*(-82)
240 + j*(-31)
153 + j*(303)
-173 + j*(197)
42 + j*(-191)
180 + j*(-175)
-139 + j*(5)
-168 + j*(-181)
78 + j*(-339)
-100 + j*(-91)
-264 + j*(34)
33 + j*(-246)
-130 + j*(-361)
-878 + j*(-124)
-812 + j*(-100)
23 + j*(-365)
1 + j*(-346)
-701 + j*(27)
-597 + j*(243)
13 + j*(174)
15 + j*(93)
-137 + j*(6)
104 + j*(-187)
68 + j*(-235)
-299 + j*(18)
-185 + j*(219)
149 + j*(76)
-30 + j*(-122)
-170 + j*(-68)
262 + j*(42)
456 + j*(-52)
-1 + j*(-251)
-289 + j*(-389)
-148 + j*(-417)
-206 + j*(-294)
-412 + j*(-54)
-226 + j*(108)
107 + j*(118)
66 + j*(114)
-165 + j*(128)
-198 + j*(70)
-72 + j*(-30)
-19 + j*(-84)
-81 + j*(-45)
-78 + j*(100)
159 + j*(185)
358 + j*(-50)
101 + j*(-344)
-260 + j*(-107)
-42 + j*(428)
423 + j*(378)
259 + j*(-211)
-284 + j*(-394)
-285 + j*(-68)
153 + j*(-9)
250 + j*(-262)
9 + j*(-275)
-27 + j*(-243)
126 + j*(-621)
110 + j*(-903)
-23 + j*(-489)
33 + j*(66)
270 + j*(57)
392 + j*(-98)
226 + j*(172)
-44 + j*(404)
-124 + j*(100)
-81 + j*(-209)
-196 + j*(-4)
-342 + j*(231)
-127 + j*(89)
330 + j*(45)
446 + j*(310)
74 + j*(308)
-311 + j*(-54)
-325 + j*(-134)
-24 + j*(55)
344 + j*(-107)
465 + j*(-390)
129 + j*(-137)
-353 + j*(280)
-451 + j*(105)
-264 + j*(-358)
-269 + j*(-387)
-296 + j*(-45)
93 + j*(191)
411 + j*(122)
21 + j*(-185)
-416 + j*(-397)
-35 + j*(-209)
475 + j*(58)
173 + j*(-67)
-301 + j*(-303)
-113 + j*(-229)
139 + j*(-95)
-98 + j*(-62)
-184 + j*(147)
127 + j*(346)
140 + j*(99)
-131 + j*(-252)
-25 + j*(-267)
158 + j*(-210)
-154 + j*(-147)
-405 + j*(199)
-37 + j*(333)
353 + j*(-209)
330 + j*(-506)
267 + j*(81)
218 + j*(454)
-36 + j*(-47)
-93 + j*(-363)
205 + j*(14)
234 + j*(250)
-4 + j*(175)
280 + j*(257)
826 + j*(147)
617 + j*(-352)
-127 + j*(-332)
-438 + j*(441)
-328 + j*(876)
-218 + j*(530)
2 + j*(59)
231 + j*(-214)
37 + j*(-365)
-321 + j*(-282)
-378 + j*(-135)
-358 + j*(-189)
-399 + j*(-154)
-193 + j*(47)
0 + j*(-114)
-290 + j*(-453)
-505 + j*(-186)
-116 + j*(298)
144 + j*(110)
-249 + j*(-229)
-564 + j*(153)
-435 + j*(655)
-361 + j*(427)
-314 + j*(-125)
-37 + j*(-352)
-63 + j*(-262)
-470 + j*(-11)
-293 + j*(194)
395 + j*(94)
317 + j*(-68)
-380 + j*(80)
-358 + j*(209)
121 + j*(-6)
-120 + j*(-186)
-551 + j*(-169)
-76 + j*(-253)
636 + j*(-238)
571 + j*(124)
269 + j*(207)
354 + j*(-261)
260 + j*(-366)
-277 + j*(218)
-524 + j*(465)
-243 + j*(-21)
-54 + j*(-329)
-153 + j*(-57)
-120 + j*(214)
94 + j*(190)
99 + j*(74)
-135 + j*(-98)
-200 + j*(-321)
55 + j*(-363)
305 + j*(-153)
256 + j*(50)
33 + j*(2)
-99 + j*(-197)
-93 + j*(-156)
-36 + j*(243)
17 + j*(489)
-12 + j*(202)
-85 + j*(-166)
-23 + j*(-128)
134 + j*(62)
101 + j*(54)
-75 + j*(-68)
-40 + j*(-214)
107 + j*(-315)
-86 + j*(-127)
-464 + j*(173)
-421 + j*(19)
58 + j*(-432)
397 + j*(-511)
390 + j*(-303)
301 + j*(-246)
258 + j*(-78)
168 + j*(333)
101 + j*(287)
202 + j*(-310)
267 + j*(-450)
-43 + j*(151)
-515 + j*(508)
-487 + j*(164)
107 + j*(-213)
538 + j*(-151)
457 + j*(88)
391 + j*(247)
590 + j*(367)
554 + j*(405)
104 + j*(221)
-215 + j*(-87)
-173 + j*(-149)
-187 + j*(94)
-399 + j*(163)
-453 + j*(-164)
-192 + j*(-330)
93 + j*(17)
130 + j*(366)
-21 + j*(325)
-91 + j*(204)
8 + j*(190)
9 + j*(119)
-218 + j*(92)
-366 + j*(182)
-193 + j*(37)
70 + j*(-325)
192 + j*(-385)
193 + j*(-242)
50 + j*(-362)
-180 + j*(-386)
-159 + j*(90)
175 + j*(379)
390 + j*(-9)
298 + j*(-318)
157 + j*(-84)
97 + j*(64)
149 + j*(-130)
414 + j*(-153)
559 + j*(23)
108 + j*(-33)
-435 + j*(-262)
-223 + j*(-326)
355 + j*(-173)
382 + j*(146)
72 + j*(412)
32 + j*(276)
12 + j*(-26)
-128 + j*(115)
146 + j*(424)
606 + j*(155)
280 + j*(-315)
-539 + j*(-71)
-525 + j*(524)
264 + j*(428)
458 + j*(-238)
-170 + j*(-523)
-482 + j*(-187)
-9 + j*(214)
520 + j*(264)
578 + j*(112)
400 + j*(133)
278 + j*(332)
195 + j*(280)
106 + j*(-66)
42 + j*(-76)
-36 + j*(387)
-163 + j*(539)
-235 + j*(114)
-153 + j*(-76)
3 + j*(227)
70 + j*(228)
-24 + j*(-202)
-178 + j*(-209)
-166 + j*(199)
69 + j*(94)
211 + j*(-451)
28 + j*(-484)
-128 + j*(-47)
23 + j*(115)
66 + j*(93)
-280 + j*(236)
-465 + j*(136)
-127 + j*(-262)
193 + j*(-175)
111 + j*(330)
-19 + j*(215)
-5 + j*(-402)
31 + j*(-386)
221 + j*(179)
481 + j*(318)
247 + j*(62)
-348 + j*(-40)
-414 + j*(-163)
-18 + j*(-383)
-100 + j*(-233)
-561 + j*(137)
-551 + j*(91)
-180 + j*(-211)
-32 + j*(-238)
100 + j*(-136)
414 + j*(-151)
378 + j*(-142)
-66 + j*(-166)
-175 + j*(-272)
169 + j*(-117)
293 + j*(177)
93 + j*(8)
57 + j*(-361)
221 + j*(-243)
235 + j*(9)
81 + j*(-111)
-37 + j*(-62)
-114 + j*(313)
-190 + j*(194)
-148 + j*(-310)
22 + j*(-191)
83 + j*(332)
-77 + j*(308)
-127 + j*(-1)
179 + j*(64)
426 + j*(199)
158 + j*(141)
-268 + j*(206)
-358 + j*(363)
-317 + j*(377)
-366 + j*(356)
-171 + j*(150)
235 + j*(-383)
215 + j*(-503)
-218 + j*(86)
-344 + j*(227)
-51 + j*(-442)
241 + j*(-597)
503 + j*(-13)
701 + j*(31)
429 + j*(-310)
-161 + j*(150)
-326 + j*(817)
-65 + j*(526)
-64 + j*(-27)
-376 + j*(36)
-482 + j*(93)
-280 + j*(-125)
-4 + j*(38)
219 + j*(338)
250 + j*(85)
63 + j*(-200)
-53 + j*(17)
23 + j*(98)
27 + j*(-153)
-45 + j*(-9)
122 + j*(430)
423 + j*(339)
380 + j*(-90)
-16 + j*(-143)
-269 + j*(13)
-118 + j*(-86)
138 + j*(-240)
122 + j*(-118)
-66 + j*(147)
-89 + j*(221)
-24 + j*(4)
-168 + j*(-171)
-330 + j*(23)
-224 + j*(293)
-207 + j*(176)
-472 + j*(-51)
-407 + j*(30)
159 + j*(95)
375 + j*(-114)
-8 + j*(-137)
-192 + j*(177)
2 + j*(274)
-5 + j*(-45)
-105 + j*(-411)
57 + j*(-557)
46 + j*(-396)
-293 + j*(-33)
-250 + j*(49)
199 + j*(-161)
197 + j*(98)
-113 + j*(742)
124 + j*(587)
595 + j*(-410)
443 + j*(-844)
-66 + j*(-347)
-303 + j*(93)
-389 + j*(161)
-441 + j*(295)
-218 + j*(441)
30 + j*(426)
-49 + j*(421)
-40 + j*(318)
373 + j*(21)
561 + j*(52)
71 + j*(480)
-431 + j*(496)
-273 + j*(42)
216 + j*(-26)
366 + j*(221)
136 + j*(14)
-4 + j*(-383)
138 + j*(-295)
192 + j*(-33)
-56 + j*(-18)
-165 + j*(53)
168 + j*(195)
413 + j*(2)
154 + j*(-250)
-135 + j*(-52)
-86 + j*(229)
-83 + j*(101)
-206 + j*(-97)
108 + j*(44)
748 + j*(272)
788 + j*(255)
125 + j*(44)
-279 + j*(-168)
-30 + j*(-214)
215 + j*(-49)
65 + j*(175)
-98 + j*(273)
-45 + j*(186)
-68 + j*(-13)
-254 + j*(-80)
-282 + j*(144)
-76 + j*(310)
49 + j*(18)
66 + j*(-342)
268 + j*(-204)
495 + j*(127)
235 + j*(66)
-354 + j*(-214)
-453 + j*(-279)
139 + j*(-153)
649 + j*(-1)
493 + j*(134)
-9 + j*(151)
-282 + j*(78)
-224 + j*(71)
-68 + j*(35)
42 + j*(-103)
137 + j*(15)
220 + j*(395)
181 + j*(376)
-19 + j*(-82)
-162 + j*(-133)
-26 + j*(343)
245 + j*(495)
279 + j*(101)
28 + j*(-171)
-139 + j*(-16)
6 + j*(260)
230 + j*(320)
287 + j*(18)
298 + j*(-334)
411 + j*(-157)
482 + j*(333)
412 + j*(281)
381 + j*(-191)
409 + j*(-161)
287 + j*(254)
74 + j*(269)
-5 + j*(58)
-94 + j*(66)
-318 + j*(-86)
-274 + j*(-442)
179 + j*(-279)
419 + j*(235)
239 + j*(192)
236 + j*(-188)
428 + j*(-18)
172 + j*(470)
-282 + j*(569)
-134 + j*(340)
259 + j*(16)
108 + j*(-334)
-158 + j*(-305)
15 + j*(141)
32 + j*(206)
-337 + j*(-197)
-196 + j*(-150)
436 + j*(349)
343 + j*(436)
-394 + j*(250)
-447 + j*(315)
98 + j*(157)
64 + j*(-342)
-294 + j*(-239)
50 + j*(340)
602 + j*(176)
325 + j*(-415)
-296 + j*(-186)
-247 + j*(284)
204 + j*(-172)
298 + j*(-755)
141 + j*(-358)
190 + j*(210)
378 + j*(25)
368 + j*(-291)
64 + j*(-158)
-317 + j*(-4)
-399 + j*(-88)
-107 + j*(-148)
41 + j*(-66)
-336 + j*(125)
-742 + j*(267)
-484 + j*(24)
228 + j*(-430)
613 + j*(-445)
416 + j*(-81)
-12 + j*(29)
-388 + j*(-46)
