y256 = [156 + j*(-162)
61 + j*(-359)
-13 + j*(-216)
123 + j*(-20)
86 + j*(131)
-300 + j*(302)
-451 + j*(349)
-63 + j*(123)
260 + j*(-177)
79 + j*(-267)
-256 + j*(-149)
-394 + j*(-18)
-353 + j*(36)
-45 + j*(55)
449 + j*(62)
534 + j*(13)
48 + j*(-97)
-268 + j*(-194)
3 + j*(-206)
272 + j*(-152)
103 + j*(-76)
-144 + j*(6)
-132 + j*(52)
6 + j*(-33)
98 + j*(-209)
51 + j*(-264)
-98 + j*(-117)
-4 + j*(4)
385 + j*(-39)
411 + j*(-42)
-132 + j*(86)
-334 + j*(36)
183 + j*(-294)
370 + j*(-410)
-307 + j*(-15)
-862 + j*(387)
-694 + j*(308)
-415 + j*(59)
-268 + j*(90)
92 + j*(233)
323 + j*(145)
5 + j*(-117)
-204 + j*(-308)
118 + j*(-277)
143 + j*(0)
-409 + j*(258)
-513 + j*(134)
14 + j*(-207)
113 + j*(-322)
-231 + j*(-375)
23 + j*(-700)
683 + j*(-784)
683 + j*(-116)
200 + j*(489)
44 + j*(139)
32 + j*(-413)
-208 + j*(-120)
-265 + j*(416)
-47 + j*(194)
-140 + j*(-312)
-411 + j*(-265)
-121 + j*(33)
518 + j*(106)
679 + j*(200)
386 + j*(340)
175 + j*(80)
56 + j*(-405)
-124 + j*(-510)
-219 + j*(-369)
-201 + j*(-435)
-136 + j*(-446)
127 + j*(-78)
422 + j*(243)
183 + j*(146)
-436 + j*(-31)
-485 + j*(31)
246 + j*(202)
907 + j*(333)
955 + j*(318)
572 + j*(36)
-7 + j*(-255)
-452 + j*(-138)
-250 + j*(129)
437 + j*(21)
696 + j*(-184)
227 + j*(40)
-286 + j*(341)
-392 + j*(182)
-319 + j*(-69)
-224 + j*(44)
-41 + j*(152)
112 + j*(-74)
134 + j*(-238)
184 + j*(-100)
334 + j*(10)
403 + j*(-52)
300 + j*(-112)
134 + j*(-211)
39 + j*(-319)
117 + j*(-61)
262 + j*(483)
170 + j*(588)
-154 + j*(129)
-261 + j*(-121)
-22 + j*(95)
182 + j*(124)
242 + j*(-255)
336 + j*(-459)
247 + j*(-292)
-218 + j*(-175)
-452 + j*(-139)
8 + j*(164)
454 + j*(489)
225 + j*(271)
-59 + j*(-226)
240 + j*(-201)
494 + j*(323)
54 + j*(559)
-527 + j*(315)
-540 + j*(158)
-251 + j*(278)
-166 + j*(253)
-187 + j*(-20)
-23 + j*(-175)
241 + j*(-135)
291 + j*(-151)
-15 + j*(-208)
-417 + j*(-166)
-477 + j*(-159)
-237 + j*(-234)
-188 + j*(-89)
-388 + j*(244)
-315 + j*(241)
74 + j*(-159)
191 + j*(-350)
-41 + j*(-132)
-59 + j*(38)
179 + j*(-5)
166 + j*(16)
-35 + j*(64)
89 + j*(-64)
412 + j*(-117)
384 + j*(117)
79 + j*(237)
-57 + j*(-41)
-82 + j*(-289)
-260 + j*(-220)
-388 + j*(-217)
-248 + j*(-419)
-137 + j*(-349)
-255 + j*(44)
-240 + j*(68)
76 + j*(-426)
179 + j*(-601)
-204 + j*(-18)
-479 + j*(557)
-183 + j*(414)
168 + j*(23)
15 + j*(88)
-266 + j*(328)
-138 + j*(156)
112 + j*(-116)
59 + j*(105)
-8 + j*(493)
265 + j*(397)
544 + j*(87)
473 + j*(151)
279 + j*(273)
177 + j*(-85)
26 + j*(-447)
-86 + j*(-113)
130 + j*(500)
419 + j*(544)
289 + j*(99)
-43 + j*(-203)
-30 + j*(-220)
167 + j*(-148)
40 + j*(-9)
-261 + j*(165)
-281 + j*(174)
-145 + j*(-31)
-224 + j*(-262)
-398 + j*(-320)
-351 + j*(-110)
-171 + j*(215)
-147 + j*(208)
-288 + j*(-280)
-359 + j*(-636)
-240 + j*(-313)
-93 + j*(235)
-159 + j*(278)
-357 + j*(5)
-341 + j*(68)
-104 + j*(370)
-54 + j*(285)
-267 + j*(-209)
-294 + j*(-500)
-32 + j*(-344)
66 + j*(-129)
-103 + j*(-133)
-120 + j*(-144)
39 + j*(-25)
-17 + j*(-14)
-169 + j*(-147)
18 + j*(-30)
280 + j*(387)
72 + j*(563)
-309 + j*(300)
-259 + j*(117)
-4 + j*(271)
-39 + j*(362)
-109 + j*(199)
115 + j*(65)
213 + j*(20)
-61 + j*(-34)
-126 + j*(129)
255 + j*(482)
382 + j*(440)
-31 + j*(-27)
-272 + j*(-85)
-18 + j*(344)
143 + j*(307)
-9 + j*(-268)
-17 + j*(-304)
107 + j*(338)
-102 + j*(601)
-423 + j*(241)
-239 + j*(19)
237 + j*(76)
301 + j*(-29)
13 + j*(-148)
-8 + j*(-1)
284 + j*(64)
387 + j*(-118)
94 + j*(-90)
-248 + j*(164)
-193 + j*(112)
293 + j*(-182)
688 + j*(-198)
518 + j*(-13)
82 + j*(69)
8 + j*(211)
207 + j*(367)
97 + j*(84)
-310 + j*(-338)
-443 + j*(-70)
-191 + j*(537)
17 + j*(360)
-32 + j*(-339)
-131 + j*(-312)
-77 + j*(322)
100 + j*(337)
194 + j*(-290)
81 + j*(-461)
-45 + j*(-28)
43 + j*(146)
];
