y3072 = [-115 + j*(120)
-193 + j*(-23)
-89 + j*(-195)
155 + j*(-203)
329 + j*(29)
245 + j*(327)
-49 + j*(445)
-310 + j*(296)
-345 + j*(39)
-195 + j*(-92)
-79 + j*(-38)
-122 + j*(46)
-234 + j*(-18)
-212 + j*(-204)
-5 + j*(-304)
219 + j*(-173)
232 + j*(95)
12 + j*(244)
-222 + j*(126)
-229 + j*(-137)
1 + j*(-278)
248 + j*(-152)
282 + j*(123)
87 + j*(298)
-145 + j*(246)
-226 + j*(59)
-135 + j*(-77)
-13 + j*(-74)
24 + j*(0)
-7 + j*(36)
-16 + j*(20)
23 + j*(28)
37 + j*(109)
-53 + j*(199)
-210 + j*(180)
-312 + j*(32)
-268 + j*(-145)
-121 + j*(-222)
1 + j*(-169)
17 + j*(-80)
-33 + j*(-55)
-53 + j*(-102)
-6 + j*(-140)
54 + j*(-121)
68 + j*(-77)
53 + j*(-74)
82 + j*(-103)
174 + j*(-87)
242 + j*(37)
181 + j*(207)
-15 + j*(281)
-207 + j*(172)
-244 + j*(-48)
-99 + j*(-211)
105 + j*(-197)
214 + j*(-45)
170 + j*(113)
49 + j*(173)
-50 + j*(134)
-80 + j*(65)
-66 + j*(16)
-45 + j*(-8)
-20 + j*(-21)
10 + j*(-24)
41 + j*(-7)
55 + j*(29)
47 + j*(66)
20 + j*(92)
-13 + j*(108)
-57 + j*(110)
-102 + j*(86)
-126 + j*(31)
-103 + j*(-21)
-55 + j*(-32)
-38 + j*(1)
-77 + j*(26)
-130 + j*(-13)
-124 + j*(-101)
-38 + j*(-154)
53 + j*(-111)
55 + j*(-19)
-29 + j*(10)
-93 + j*(-73)
-32 + j*(-192)
125 + j*(-210)
242 + j*(-84)
213 + j*(81)
80 + j*(145)
-21 + j*(74)
3 + j*(-20)
96 + j*(-17)
129 + j*(89)
36 + j*(183)
-115 + j*(161)
-202 + j*(24)
-169 + j*(-137)
-42 + j*(-236)
110 + j*(-248)
247 + j*(-185)
345 + j*(-56)
364 + j*(120)
273 + j*(289)
92 + j*(373)
-90 + j*(324)
-186 + j*(189)
-179 + j*(57)
-120 + j*(-18)
-67 + j*(-47)
-21 + j*(-69)
43 + j*(-83)
122 + j*(-59)
179 + j*(17)
176 + j*(113)
132 + j*(181)
74 + j*(219)
12 + j*(249)
-83 + j*(262)
-204 + j*(208)
-280 + j*(59)
-232 + j*(-129)
-53 + j*(-242)
159 + j*(-206)
289 + j*(-46)
297 + j*(140)
219 + j*(284)
95 + j*(379)
-69 + j*(419)
-257 + j*(367)
-400 + j*(191)
-397 + j*(-54)
-226 + j*(-234)
10 + j*(-242)
162 + j*(-98)
166 + j*(74)
80 + j*(173)
-14 + j*(197)
-90 + j*(187)
-166 + j*(145)
-213 + j*(42)
-158 + j*(-91)
7 + j*(-128)
147 + j*(8)
96 + j*(226)
-145 + j*(305)
-364 + j*(125)
-327 + j*(-177)
-50 + j*(-314)
205 + j*(-156)
194 + j*(120)
-35 + j*(218)
-197 + j*(48)
-88 + j*(-169)
180 + j*(-154)
312 + j*(115)
148 + j*(387)
-163 + j*(413)
-355 + j*(207)
-328 + j*(-17)
-208 + j*(-107)
-138 + j*(-115)
-102 + j*(-158)
14 + j*(-219)
204 + j*(-155)
292 + j*(83)
136 + j*(322)
-166 + j*(330)
-336 + j*(79)
-217 + j*(-190)
54 + j*(-229)
206 + j*(-48)
140 + j*(128)
20 + j*(127)
34 + j*(50)
151 + j*(92)
157 + j*(288)
-51 + j*(430)
-316 + j*(323)
-370 + j*(42)
-167 + j*(-132)
59 + j*(-30)
50 + j*(208)
-177 + j*(294)
-357 + j*(125)
-298 + j*(-107)
-83 + j*(-160)
39 + j*(-10)
-39 + j*(135)
-185 + j*(111)
-204 + j*(-21)
-96 + j*(-72)
-30 + j*(16)
-106 + j*(101)
-228 + j*(37)
-211 + j*(-125)
-40 + j*(-189)
105 + j*(-62)
58 + j*(128)
-132 + j*(164)
-242 + j*(8)
-148 + j*(-164)
53 + j*(-163)
159 + j*(6)
87 + j*(180)
-66 + j*(225)
-171 + j*(169)
-214 + j*(103)
-249 + j*(39)
-265 + j*(-74)
-174 + j*(-213)
48 + j*(-247)
245 + j*(-63)
214 + j*(240)
-63 + j*(404)
-352 + j*(271)
-392 + j*(-20)
-179 + j*(-178)
29 + j*(-54)
-13 + j*(183)
-266 + j*(246)
-453 + j*(42)
-380 + j*(-230)
-126 + j*(-310)
50 + j*(-155)
4 + j*(38)
-157 + j*(67)
-236 + j*(-58)
-153 + j*(-168)
-25 + j*(-139)
3 + j*(-18)
-83 + j*(61)
-183 + j*(32)
-212 + j*(-48)
-184 + j*(-99)
-158 + j*(-113)
-147 + j*(-122)
-130 + j*(-136)
-110 + j*(-128)
-124 + j*(-105)
-179 + j*(-124)
-209 + j*(-226)
-128 + j*(-353)
54 + j*(-389)
215 + j*(-275)
239 + j*(-95)
143 + j*(14)
55 + j*(5)
54 + j*(-34)
99 + j*(1)
70 + j*(100)
-61 + j*(145)
-191 + j*(52)
-191 + j*(-111)
-59 + j*(-201)
78 + j*(-144)
100 + j*(-13)
16 + j*(64)
-70 + j*(39)
-84 + j*(-18)
-59 + j*(-27)
-73 + j*(2)
-143 + j*(-9)
-190 + j*(-103)
-138 + j*(-224)
1 + j*(-269)
126 + j*(-200)
158 + j*(-76)
106 + j*(9)
40 + j*(24)
18 + j*(11)
16 + j*(24)
-18 + j*(58)
-98 + j*(58)
-170 + j*(-20)
-159 + j*(-147)
-47 + j*(-233)
105 + j*(-204)
182 + j*(-65)
126 + j*(86)
-25 + j*(138)
-157 + j*(58)
-176 + j*(-89)
-84 + j*(-186)
31 + j*(-176)
79 + j*(-98)
46 + j*(-36)
-2 + j*(-43)
-5 + j*(-87)
35 + j*(-107)
75 + j*(-84)
81 + j*(-48)
70 + j*(-32)
74 + j*(-25)
80 + j*(2)
53 + j*(42)
-10 + j*(41)
-57 + j*(-28)
-19 + j*(-125)
102 + j*(-161)
225 + j*(-84)
260 + j*(62)
196 + j*(193)
83 + j*(258)
-34 + j*(260)
-140 + j*(219)
-222 + j*(124)
-234 + j*(-17)
-136 + j*(-137)
25 + j*(-135)
115 + j*(6)
38 + j*(162)
-145 + j*(171)
-250 + j*(14)
-160 + j*(-156)
31 + j*(-150)
105 + j*(36)
-47 + j*(197)
-292 + j*(133)
-385 + j*(-134)
-216 + j*(-376)
71 + j*(-389)
232 + j*(-191)
174 + j*(6)
27 + j*(38)
-32 + j*(-62)
43 + j*(-136)
143 + j*(-89)
154 + j*(14)
92 + j*(68)
49 + j*(51)
65 + j*(44)
74 + j*(102)
0 + j*(174)
-139 + j*(154)
-226 + j*(14)
-175 + j*(-155)
-19 + j*(-232)
135 + j*(-181)
209 + j*(-61)
209 + j*(51)
178 + j*(140)
127 + j*(225)
23 + j*(305)
-140 + j*(322)
-304 + j*(227)
-376 + j*(40)
-315 + j*(-152)
-150 + j*(-252)
24 + j*(-219)
114 + j*(-90)
88 + j*(49)
-21 + j*(117)
-135 + j*(84)
-184 + j*(-14)
-155 + j*(-106)
-86 + j*(-145)
-31 + j*(-138)
-3 + j*(-124)
28 + j*(-125)
79 + j*(-109)
119 + j*(-46)
98 + j*(37)
18 + j*(68)
-40 + j*(16)
-10 + j*(-57)
85 + j*(-47)
123 + j*(62)
36 + j*(167)
-111 + j*(144)
-166 + j*(1)
-64 + j*(-114)
92 + j*(-70)
129 + j*(98)
-6 + j*(222)
-184 + j*(180)
-245 + j*(28)
-170 + j*(-77)
-95 + j*(-58)
-127 + j*(-12)
-215 + j*(-74)
-203 + j*(-244)
-23 + j*(-368)
214 + j*(-308)
327 + j*(-97)
260 + j*(99)
121 + j*(154)
50 + j*(113)
69 + j*(97)
76 + j*(158)
1 + j*(223)
-113 + j*(207)
-171 + j*(117)
-144 + j*(40)
-96 + j*(32)
-91 + j*(53)
-107 + j*(45)
-85 + j*(20)
-29 + j*(54)
-33 + j*(168)
-173 + j*(271)
-394 + j*(225)
-536 + j*(5)
-486 + j*(-264)
-277 + j*(-417)
-57 + j*(-396)
57 + j*(-275)
67 + j*(-170)
47 + j*(-125)
47 + j*(-105)
54 + j*(-70)
40 + j*(-30)
13 + j*(-12)
-2 + j*(-6)
-6 + j*(11)
-30 + j*(47)
-92 + j*(64)
-161 + j*(31)
-188 + j*(-37)
-169 + j*(-88)
-150 + j*(-102)
-166 + j*(-108)
-198 + j*(-164)
-178 + j*(-268)
-73 + j*(-353)
77 + j*(-352)
194 + j*(-259)
230 + j*(-128)
197 + j*(-20)
135 + j*(48)
60 + j*(87)
-32 + j*(96)
-125 + j*(48)
-178 + j*(-55)
-147 + j*(-176)
-45 + j*(-238)
62 + j*(-220)
111 + j*(-150)
109 + j*(-97)
100 + j*(-79)
119 + j*(-62)
136 + j*(-8)
96 + j*(64)
1 + j*(88)
-83 + j*(16)
-67 + j*(-102)
56 + j*(-154)
185 + j*(-62)
185 + j*(122)
21 + j*(256)
-207 + j*(215)
-339 + j*(17)
-287 + j*(-212)
-106 + j*(-327)
72 + j*(-294)
165 + j*(-184)
170 + j*(-80)
147 + j*(-10)
109 + j*(44)
43 + j*(84)
-48 + j*(70)
-103 + j*(-12)
-66 + j*(-110)
38 + j*(-131)
110 + j*(-47)
66 + j*(59)
-53 + j*(70)
-121 + j*(-31)
-62 + j*(-141)
58 + j*(-139)
105 + j*(-36)
32 + j*(39)
-54 + j*(-10)
-21 + j*(-121)
124 + j*(-120)
211 + j*(51)
86 + j*(256)
-198 + j*(275)
-404 + j*(34)
-335 + j*(-290)
-40 + j*(-435)
236 + j*(-299)
284 + j*(-29)
120 + j*(136)
-65 + j*(94)
-106 + j*(-52)
-10 + j*(-133)
92 + j*(-87)
99 + j*(20)
25 + j*(84)
-61 + j*(83)
-129 + j*(49)
-190 + j*(-7)
-241 + j*(-111)
-223 + j*(-270)
-77 + j*(-410)
152 + j*(-419)
334 + j*(-263)
349 + j*(-35)
213 + j*(114)
48 + j*(109)
-21 + j*(8)
19 + j*(-70)
80 + j*(-59)
81 + j*(-4)
24 + j*(14)
-20 + j*(-35)
3 + j*(-103)
72 + j*(-124)
126 + j*(-86)
132 + j*(-32)
110 + j*(-2)
95 + j*(6)
82 + j*(22)
46 + j*(38)
-14 + j*(8)
-32 + j*(-94)
65 + j*(-204)
260 + j*(-199)
419 + j*(-12)
381 + j*(267)
130 + j*(438)
-163 + j*(361)
-285 + j*(100)
-157 + j*(-126)
73 + j*(-136)
184 + j*(46)
80 + j*(228)
-129 + j*(237)
-255 + j*(81)
-221 + j*(-91)
-105 + j*(-162)
-26 + j*(-147)
-6 + j*(-139)
34 + j*(-178)
147 + j*(-190)
271 + j*(-91)
288 + j*(95)
153 + j*(239)
-36 + j*(233)
-142 + j*(96)
-105 + j*(-48)
10 + j*(-97)
94 + j*(-48)
107 + j*(18)
83 + j*(49)
74 + j*(48)
95 + j*(56)
115 + j*(98)
106 + j*(161)
59 + j*(219)
-17 + j*(245)
-95 + j*(228)
-143 + j*(178)
-144 + j*(130)
-122 + j*(131)
-147 + j*(183)
-262 + j*(208)
-413 + j*(111)
-468 + j*(-113)
-333 + j*(-334)
-70 + j*(-393)
136 + j*(-240)
141 + j*(-8)
-22 + j*(107)
-184 + j*(38)
-206 + j*(-118)
-101 + j*(-206)
6 + j*(-173)
25 + j*(-96)
-12 + j*(-68)
