y4096 = [-386 + j*(12)
199 + j*(-333)
559 + j*(-536)
146 + j*(-286)
-466 + j*(95)
-393 + j*(-21)
36 + j*(-385)
-12 + j*(-285)
-274 + j*(105)
-118 + j*(147)
196 + j*(35)
336 + j*(197)
511 + j*(274)
552 + j*(-18)
95 + j*(-180)
-343 + j*(-17)
-212 + j*(-12)
3 + j*(-164)
-104 + j*(17)
-131 + j*(375)
-12 + j*(402)
-42 + j*(193)
129 + j*(30)
648 + j*(-143)
703 + j*(-274)
94 + j*(-208)
-215 + j*(-142)
0 + j*(-163)
-33 + j*(28)
-321 + j*(288)
-270 + j*(88)
-48 + j*(-284)
-9 + j*(-136)
120 + j*(206)
378 + j*(58)
291 + j*(-272)
-105 + j*(-255)
-298 + j*(-174)
-136 + j*(-227)
172 + j*(-102)
419 + j*(103)
450 + j*(-13)
344 + j*(-156)
261 + j*(33)
34 + j*(124)
-303 + j*(-114)
-219 + j*(-158)
186 + j*(76)
100 + j*(65)
-278 + j*(-78)
28 + j*(141)
665 + j*(415)
482 + j*(296)
-269 + j*(119)
-619 + j*(96)
-592 + j*(-118)
-466 + j*(-325)
-113 + j*(15)
72 + j*(408)
-350 + j*(96)
-631 + j*(-355)
-144 + j*(-113)
269 + j*(343)
95 + j*(285)
160 + j*(16)
603 + j*(-67)
433 + j*(-120)
-299 + j*(-56)
-459 + j*(326)
51 + j*(575)
351 + j*(372)
212 + j*(207)
3 + j*(273)
-133 + j*(97)
-159 + j*(-185)
-24 + j*(8)
87 + j*(288)
34 + j*(29)
2 + j*(-200)
111 + j*(219)
209 + j*(608)
162 + j*(382)
-47 + j*(86)
-374 + j*(57)
-604 + j*(-30)
-477 + j*(-25)
-67 + j*(377)
207 + j*(570)
96 + j*(126)
-143 + j*(-185)
-104 + j*(116)
83 + j*(354)
-29 + j*(217)
-298 + j*(218)
-206 + j*(320)
-5 + j*(46)
-247 + j*(-347)
-478 + j*(-395)
-30 + j*(-323)
473 + j*(-335)
227 + j*(-165)
-118 + j*(157)
222 + j*(320)
618 + j*(395)
318 + j*(411)
-192 + j*(112)
-267 + j*(-214)
-90 + j*(-32)
-32 + j*(194)
-125 + j*(-197)
-273 + j*(-575)
-339 + j*(-178)
-309 + j*(300)
-328 + j*(100)
-289 + j*(-190)
72 + j*(12)
403 + j*(194)
138 + j*(37)
-409 + j*(-20)
-547 + j*(104)
-379 + j*(51)
-317 + j*(-84)
-230 + j*(-40)
-22 + j*(30)
20 + j*(30)
-65 + j*(92)
76 + j*(44)
307 + j*(-235)
229 + j*(-280)
-74 + j*(103)
-186 + j*(248)
71 + j*(-164)
456 + j*(-430)
498 + j*(-107)
96 + j*(281)
-182 + j*(315)
20 + j*(230)
200 + j*(191)
-26 + j*(88)
-212 + j*(-9)
-81 + j*(9)
-47 + j*(6)
-204 + j*(-73)
-168 + j*(-147)
12 + j*(-293)
30 + j*(-459)
56 + j*(-235)
156 + j*(346)
-82 + j*(487)
-558 + j*(-50)
-517 + j*(-333)
69 + j*(155)
333 + j*(573)
-48 + j*(248)
-493 + j*(-180)
-555 + j*(-52)
-325 + j*(224)
-10 + j*(169)
169 + j*(58)
8 + j*(126)
-371 + j*(91)
-564 + j*(-116)
-409 + j*(-206)
-125 + j*(-173)
76 + j*(-209)
140 + j*(-161)
56 + j*(114)
-92 + j*(267)
-85 + j*(77)
77 + j*(-104)
62 + j*(-29)
-265 + j*(30)
-503 + j*(-79)
-325 + j*(-132)
-18 + j*(-61)
10 + j*(-47)
-136 + j*(-109)
-141 + j*(-144)
21 + j*(-119)
239 + j*(62)
404 + j*(409)
300 + j*(581)
-178 + j*(352)
-585 + j*(81)
-358 + j*(87)
284 + j*(157)
497 + j*(123)
6 + j*(152)
-474 + j*(174)
-359 + j*(-65)
-39 + j*(-375)
-85 + j*(-411)
-268 + j*(-293)
-157 + j*(-213)
15 + j*(-97)
-55 + j*(-23)
-78 + j*(-132)
119 + j*(-123)
175 + j*(201)
34 + j*(316)
54 + j*(-78)
76 + j*(-377)
-297 + j*(-244)
-648 + j*(-167)
-296 + j*(-307)
424 + j*(-199)
721 + j*(91)
549 + j*(28)
355 + j*(-246)
256 + j*(-190)
161 + j*(107)
80 + j*(198)
67 + j*(38)
131 + j*(-187)
178 + j*(-360)
47 + j*(-341)
-132 + j*(-138)
7 + j*(39)
379 + j*(119)
409 + j*(145)
-8 + j*(-20)
-267 + j*(-302)
-19 + j*(-223)
288 + j*(240)
101 + j*(445)
-408 + j*(213)
-522 + j*(69)
-38 + j*(145)
291 + j*(64)
-25 + j*(-160)
-322 + j*(-244)
-38 + j*(-322)
190 + j*(-478)
-149 + j*(-333)
-416 + j*(165)
-176 + j*(458)
53 + j*(321)
63 + j*(178)
175 + j*(200)
192 + j*(94)
-145 + j*(-161)
-304 + j*(-244)
-30 + j*(-109)
78 + j*(-43)
-90 + j*(-67)
14 + j*(111)
221 + j*(436)
-1 + j*(386)
-304 + j*(-193)
-267 + j*(-614)
-222 + j*(-292)
-222 + j*(304)
99 + j*(407)
309 + j*(92)
-115 + j*(-109)
-451 + j*(-168)
-88 + j*(-280)
167 + j*(-265)
-145 + j*(-67)
-142 + j*(-110)
383 + j*(-489)
492 + j*(-584)
172 + j*(-74)
281 + j*(405)
575 + j*(263)
250 + j*(-170)
-286 + j*(-298)
-281 + j*(-139)
-88 + j*(10)
-175 + j*(140)
-147 + j*(264)
173 + j*(158)
259 + j*(-138)
21 + j*(-172)
-79 + j*(152)
-99 + j*(361)
-344 + j*(196)
-439 + j*(-83)
6 + j*(-271)
443 + j*(-398)
294 + j*(-391)
-61 + j*(-192)
-115 + j*(15)
-43 + j*(99)
2 + j*(102)
253 + j*(-60)
549 + j*(-373)
430 + j*(-496)
85 + j*(-343)
40 + j*(-295)
158 + j*(-292)
39 + j*(162)
-145 + j*(751)
-96 + j*(658)
42 + j*(186)
111 + j*(285)
101 + j*(635)
-104 + j*(254)
-401 + j*(-443)
-341 + j*(-359)
41 + j*(173)
138 + j*(96)
-103 + j*(-331)
-116 + j*(-151)
166 + j*(421)
307 + j*(480)
259 + j*(65)
228 + j*(-94)
183 + j*(138)
102 + j*(324)
32 + j*(303)
-131 + j*(189)
-318 + j*(-44)
-245 + j*(-322)
-124 + j*(-315)
-338 + j*(-31)
-449 + j*(16)
34 + j*(-294)
423 + j*(-355)
52 + j*(28)
-342 + j*(230)
-31 + j*(92)
384 + j*(279)
313 + j*(725)
139 + j*(481)
96 + j*(-308)
-52 + j*(-315)
-108 + j*(474)
167 + j*(538)
276 + j*(-368)
-73 + j*(-682)
-304 + j*(113)
-144 + j*(625)
-5 + j*(94)
88 + j*(-517)
359 + j*(-421)
392 + j*(-117)
-66 + j*(-197)
-263 + j*(-414)
149 + j*(-284)
245 + j*(132)
-397 + j*(315)
-766 + j*(-48)
-267 + j*(-528)
291 + j*(-421)
291 + j*(228)
154 + j*(639)
189 + j*(438)
121 + j*(36)
-49 + j*(-168)
43 + j*(-239)
371 + j*(-260)
553 + j*(-161)
476 + j*(-8)
320 + j*(53)
198 + j*(61)
61 + j*(130)
-100 + j*(209)
-112 + j*(147)
168 + j*(-16)
441 + j*(-39)
288 + j*(216)
-36 + j*(491)
64 + j*(383)
393 + j*(-79)
300 + j*(-395)
-36 + j*(-253)
56 + j*(63)
467 + j*(165)
621 + j*(157)
489 + j*(366)
325 + j*(594)
204 + j*(311)
248 + j*(-349)
375 + j*(-562)
93 + j*(-107)
-476 + j*(223)
-419 + j*(-13)
213 + j*(-248)
248 + j*(-85)
-352 + j*(26)
-367 + j*(-201)
212 + j*(-364)
268 + j*(-208)
-87 + j*(-36)
112 + j*(-62)
576 + j*(-138)
447 + j*(-104)
22 + j*(50)
-58 + j*(178)
-52 + j*(90)
-240 + j*(-76)
-234 + j*(45)
89 + j*(345)
236 + j*(318)
-9 + j*(-13)
-234 + j*(-132)
-81 + j*(37)
239 + j*(108)
224 + j*(-37)
-151 + j*(-190)
-265 + j*(-159)
147 + j*(124)
383 + j*(384)
-23 + j*(185)
-414 + j*(-285)
-224 + j*(-401)
54 + j*(-169)
-58 + j*(-64)
-197 + j*(-21)
-26 + j*(97)
168 + j*(-154)
160 + j*(-720)
158 + j*(-699)
329 + j*(-59)
487 + j*(146)
410 + j*(-174)
222 + j*(-163)
254 + j*(29)
456 + j*(-311)
408 + j*(-699)
124 + j*(-373)
84 + j*(152)
287 + j*(180)
249 + j*(-12)
41 + j*(-203)
107 + j*(-548)
286 + j*(-614)
189 + j*(39)
-8 + j*(625)
-51 + j*(328)
-96 + j*(-178)
-115 + j*(-28)
95 + j*(296)
237 + j*(142)
-17 + j*(-7)
-290 + j*(356)
-229 + j*(672)
-139 + j*(306)
-189 + j*(-328)
-45 + j*(-495)
320 + j*(-212)
479 + j*(90)
297 + j*(300)
12 + j*(394)
-185 + j*(140)
-207 + j*(-350)
-80 + j*(-471)
51 + j*(-83)
140 + j*(200)
190 + j*(103)
22 + j*(3)
-259 + j*(32)
-94 + j*(-30)
493 + j*(-69)
597 + j*(84)
-54 + j*(151)
-513 + j*(6)
-261 + j*(8)
105 + j*(239)
194 + j*(353)
298 + j*(298)
397 + j*(217)
187 + j*(16)
-61 + j*(-227)
80 + j*(-141)
316 + j*(214)
211 + j*(425)
31 + j*(430)
109 + j*(349)
96 + j*(160)
-310 + j*(69)
-569 + j*(239)
-160 + j*(212)
415 + j*(-232)
400 + j*(-356)
25 + j*(99)
-64 + j*(278)
30 + j*(-10)
-91 + j*(73)
-203 + j*(404)
-42 + j*(59)
2 + j*(-552)
-307 + j*(-317)
-466 + j*(357)
-147 + j*(371)
254 + j*(-95)
327 + j*(-315)
100 + j*(-288)
-221 + j*(-101)
-369 + j*(333)
-162 + j*(575)
122 + j*(218)
72 + j*(-157)
-189 + j*(80)
-309 + j*(521)
-265 + j*(521)
-103 + j*(189)
197 + j*(8)
355 + j*(170)
130 + j*(362)
-95 + j*(111)
77 + j*(-382)
353 + j*(-309)
387 + j*(247)
254 + j*(201)
-50 + j*(-523)
-518 + j*(-702)
-614 + j*(-132)
-45 + j*(60)
484 + j*(-353)
406 + j*(-472)
185 + j*(-148)
183 + j*(2)
7 + j*(-16)
-348 + j*(112)
-255 + j*(199)
215 + j*(145)
286 + j*(217)
-84 + j*(309)
-180 + j*(72)
139 + j*(-295)
301 + j*(-358)
81 + j*(-147)
-116 + j*(86)
10 + j*(168)
226 + j*(-20)
182 + j*(-258)
-34 + j*(-94)
-41 + j*(263)
182 + j*(126)
230 + j*(-360)
-32 + j*(-394)
-252 + j*(45)
-204 + j*(244)
-92 + j*(45)
-131 + j*(-144)
-256 + j*(-167)
-295 + j*(-115)
-202 + j*(-35)
-121 + j*(-30)
-184 + j*(-116)
-218 + j*(-75)
8 + j*(57)
257 + j*(-55)
144 + j*(-283)
-138 + j*(-186)
-158 + j*(46)
-13 + j*(-79)
-2 + j*(-300)
-4 + j*(-97)
121 + j*(195)
245 + j*(40)
320 + j*(-231)
276 + j*(-96)
-139 + j*(163)
-620 + j*(100)
