y512 = [510 + j*(-68)
716 + j*(-369)
293 + j*(-119)
28 + j*(381)
162 + j*(167)
169 + j*(-317)
-151 + j*(-187)
-315 + j*(123)
-80 + j*(67)
71 + j*(14)
-168 + j*(66)
-279 + j*(-155)
125 + j*(-367)
554 + j*(-124)
578 + j*(231)
466 + j*(277)
352 + j*(175)
34 + j*(112)
-221 + j*(76)
-47 + j*(42)
153 + j*(-132)
18 + j*(-444)
-35 + j*(-507)
95 + j*(-237)
-86 + j*(-57)
-326 + j*(-40)
42 + j*(76)
478 + j*(95)
135 + j*(-153)
-363 + j*(-236)
-146 + j*(25)
232 + j*(226)
88 + j*(293)
-115 + j*(354)
-11 + j*(126)
14 + j*(-318)
-66 + j*(-336)
76 + j*(-63)
189 + j*(-158)
-14 + j*(-294)
-99 + j*(40)
187 + j*(175)
255 + j*(-314)
-225 + j*(-491)
-660 + j*(28)
-499 + j*(225)
-66 + j*(-247)
-4 + j*(-489)
-281 + j*(-249)
-264 + j*(-172)
243 + j*(-356)
543 + j*(-331)
143 + j*(-68)
-421 + j*(54)
-490 + j*(-98)
-268 + j*(-252)
-206 + j*(-96)
-255 + j*(224)
-188 + j*(255)
10 + j*(25)
261 + j*(38)
337 + j*(278)
-16 + j*(264)
-518 + j*(20)
-574 + j*(-45)
-247 + j*(107)
-128 + j*(226)
-240 + j*(156)
-66 + j*(-120)
335 + j*(-325)
319 + j*(-133)
-185 + j*(109)
-414 + j*(-137)
35 + j*(-481)
520 + j*(-313)
385 + j*(-4)
-18 + j*(-25)
-18 + j*(-35)
243 + j*(49)
240 + j*(-269)
1 + j*(-745)
-134 + j*(-657)
-148 + j*(-260)
-146 + j*(-151)
-116 + j*(-95)
-53 + j*(86)
45 + j*(-30)
156 + j*(-256)
69 + j*(41)
-181 + j*(465)
-61 + j*(289)
461 + j*(-47)
571 + j*(68)
106 + j*(209)
-103 + j*(55)
63 + j*(71)
-102 + j*(290)
-383 + j*(192)
-95 + j*(-78)
255 + j*(-16)
36 + j*(155)
-44 + j*(81)
469 + j*(112)
641 + j*(421)
127 + j*(440)
-108 + j*(-13)
136 + j*(-274)
52 + j*(-23)
-250 + j*(194)
-29 + j*(30)
423 + j*(-105)
351 + j*(98)
-83 + j*(301)
-267 + j*(214)
-51 + j*(139)
327 + j*(361)
477 + j*(550)
240 + j*(307)
42 + j*(-144)
213 + j*(-305)
267 + j*(-148)
-123 + j*(6)
-341 + j*(40)
-4 + j*(44)
282 + j*(48)
81 + j*(75)
-258 + j*(192)
-392 + j*(293)
-288 + j*(160)
18 + j*(-134)
238 + j*(-206)
98 + j*(121)
-51 + j*(542)
141 + j*(626)
243 + j*(289)
-76 + j*(-93)
-301 + j*(-102)
-91 + j*(151)
108 + j*(194)
-5 + j*(-14)
-193 + j*(-121)
-314 + j*(-173)
-402 + j*(-414)
-358 + j*(-462)
-163 + j*(22)
3 + j*(304)
46 + j*(-215)
-14 + j*(-645)
-170 + j*(-168)
-301 + j*(361)
-304 + j*(106)
-276 + j*(-240)
-201 + j*(-100)
57 + j*(-83)
315 + j*(-354)
315 + j*(-159)
245 + j*(427)
285 + j*(454)
213 + j*(-91)
44 + j*(-299)
47 + j*(77)
-10 + j*(443)
-362 + j*(392)
-442 + j*(96)
54 + j*(-43)
373 + j*(106)
198 + j*(233)
204 + j*(141)
332 + j*(48)
-188 + j*(-26)
-866 + j*(-308)
-567 + j*(-491)
173 + j*(-133)
95 + j*(304)
-428 + j*(223)
-340 + j*(14)
100 + j*(131)
229 + j*(236)
242 + j*(163)
271 + j*(239)
-66 + j*(365)
-537 + j*(245)
-455 + j*(153)
-6 + j*(262)
83 + j*(206)
-159 + j*(-2)
-233 + j*(1)
-81 + j*(-6)
93 + j*(-288)
255 + j*(-444)
332 + j*(-313)
235 + j*(-339)
81 + j*(-486)
-54 + j*(-324)
-214 + j*(-62)
-206 + j*(-53)
111 + j*(-20)
308 + j*(201)
18 + j*(288)
-319 + j*(192)
-301 + j*(137)
-334 + j*(157)
-684 + j*(250)
-816 + j*(284)
-461 + j*(-86)
-108 + j*(-503)
27 + j*(-140)
189 + j*(455)
255 + j*(40)
-8 + j*(-721)
-274 + j*(-349)
-214 + j*(450)
-33 + j*(212)
162 + j*(-419)
433 + j*(-318)
424 + j*(-10)
-71 + j*(47)
-424 + j*(367)
-204 + j*(656)
84 + j*(190)
127 + j*(-308)
228 + j*(-16)
326 + j*(246)
148 + j*(-110)
43 + j*(-211)
227 + j*(233)
191 + j*(368)
-135 + j*(146)
-130 + j*(231)
175 + j*(389)
223 + j*(73)
95 + j*(-354)
4 + j*(-395)
-337 + j*(-251)
-688 + j*(-175)
-396 + j*(-146)
117 + j*(-137)
23 + j*(-48)
-197 + j*(189)
146 + j*(240)
427 + j*(-129)
143 + j*(-461)
-64 + j*(-337)
60 + j*(-48)
28 + j*(93)
-8 + j*(250)
273 + j*(361)
308 + j*(20)
-128 + j*(-515)
-260 + j*(-351)
-25 + j*(467)
-218 + j*(736)
-562 + j*(70)
-137 + j*(-375)
592 + j*(-36)
496 + j*(94)
-194 + j*(-386)
-448 + j*(-459)
-66 + j*(75)
378 + j*(161)
379 + j*(-226)
-11 + j*(-185)
-236 + j*(-29)
4 + j*(-387)
239 + j*(-399)
154 + j*(463)
158 + j*(823)
342 + j*(1)
163 + j*(-573)
-306 + j*(-177)
-345 + j*(93)
58 + j*(-185)
279 + j*(-252)
156 + j*(-45)
-38 + j*(-40)
-127 + j*(-70)
-62 + j*(33)
-28 + j*(-43)
-245 + j*(-178)
-369 + j*(42)
-18 + j*(350)
288 + j*(358)
71 + j*(297)
-63 + j*(298)
255 + j*(115)
288 + j*(-124)
-135 + j*(-47)
-185 + j*(163)
119 + j*(116)
-30 + j*(-132)
-351 + j*(-301)
-35 + j*(-238)
477 + j*(57)
315 + j*(361)
-297 + j*(380)
-665 + j*(108)
-592 + j*(-217)
-214 + j*(-363)
83 + j*(-186)
-57 + j*(144)
-301 + j*(228)
-171 + j*(98)
-10 + j*(127)
-141 + j*(211)
-105 + j*(71)
163 + j*(30)
16 + j*(292)
-326 + j*(350)
-2 + j*(110)
639 + j*(158)
653 + j*(310)
291 + j*(-91)
182 + j*(-517)
80 + j*(-127)
-115 + j*(411)
57 + j*(163)
359 + j*(-272)
129 + j*(-72)
-228 + j*(333)
0 + j*(394)
380 + j*(364)
311 + j*(386)
204 + j*(185)
420 + j*(-134)
424 + j*(-156)
-88 + j*(177)
-560 + j*(530)
-586 + j*(530)
-488 + j*(146)
-516 + j*(-153)
-368 + j*(-30)
114 + j*(112)
389 + j*(-138)
18 + j*(-368)
-479 + j*(-131)
-403 + j*(206)
-63 + j*(185)
-103 + j*(-25)
-293 + j*(-147)
-143 + j*(-197)
64 + j*(-188)
-48 + j*(-77)
-203 + j*(13)
-177 + j*(-22)
-188 + j*(-23)
-238 + j*(167)
-59 + j*(356)
237 + j*(192)
256 + j*(-265)
-80 + j*(-462)
-408 + j*(-88)
-249 + j*(374)
368 + j*(317)
658 + j*(-132)
191 + j*(-402)
-180 + j*(-265)
252 + j*(33)
620 + j*(141)
71 + j*(-47)
-576 + j*(-252)
-330 + j*(-192)
337 + j*(-28)
558 + j*(-54)
301 + j*(-182)
-91 + j*(-201)
-256 + j*(-157)
73 + j*(-115)
453 + j*(-78)
163 + j*(-134)
-383 + j*(-180)
-230 + j*(41)
298 + j*(318)
220 + j*(243)
-283 + j*(49)
-383 + j*(41)
-89 + j*(-174)
74 + j*(-668)
-77 + j*(-592)
-415 + j*(226)
-617 + j*(729)
-396 + j*(506)
-54 + j*(247)
-49 + j*(153)
-141 + j*(-38)
-33 + j*(31)
-112 + j*(489)
-385 + j*(496)
-173 + j*(-106)
312 + j*(-266)
100 + j*(151)
-411 + j*(65)
-71 + j*(-499)
574 + j*(-421)
218 + j*(160)
-608 + j*(150)
-569 + j*(-241)
59 + j*(-11)
240 + j*(554)
6 + j*(542)
-170 + j*(213)
-254 + j*(197)
-104 + j*(159)
362 + j*(-183)
562 + j*(-166)
161 + j*(342)
-195 + j*(333)
-105 + j*(-347)
-76 + j*(-508)
-279 + j*(62)
-277 + j*(154)
-163 + j*(-383)
-320 + j*(-361)
-406 + j*(298)
-106 + j*(473)
31 + j*(101)
-276 + j*(13)
-385 + j*(151)
-21 + j*(62)
301 + j*(69)
400 + j*(326)
499 + j*(191)
456 + j*(-363)
255 + j*(-475)
321 + j*(-52)
483 + j*(115)
121 + j*(-78)
-386 + j*(-56)
-237 + j*(153)
136 + j*(114)
-30 + j*(-78)
-247 + j*(-112)
57 + j*(-115)
322 + j*(-250)
165 + j*(-316)
46 + j*(-213)
31 + j*(-172)
-202 + j*(-230)
-331 + j*(-115)
-127 + j*(163)
-117 + j*(256)
-280 + j*(135)
54 + j*(110)
502 + j*(130)
182 + j*(-125)
-351 + j*(-471)
-177 + j*(-446)
124 + j*(-176)
-104 + j*(-155)
-147 + j*(-350)
414 + j*(-366)
747 + j*(-161)
423 + j*(20)
-4 + j*(132)
-210 + j*(315)
-278 + j*(540)
-225 + j*(543)
-223 + j*(189)
-359 + j*(-173)
-290 + j*(-141)
-71 + j*(57)
-236 + j*(21)
-473 + j*(-42)
-101 + j*(136)
264 + j*(233)
-161 + j*(115)
-522 + j*(194)
-11 + j*(378)
414 + j*(137)
68 + j*(-227)
-182 + j*(-110)
40 + j*(83)
23 + j*(-144)
-215 + j*(-264)
-82 + j*(45)
181 + j*(217)
198 + j*(127)
243 + j*(200)
283 + j*(223)
52 + j*(-131)
67 + j*(-391)
585 + j*(-270)
657 + j*(-218)
-73 + j*(-280)
-485 + j*(-86)
-131 + j*(161)
132 + j*(118)
89 + j*(-28)
291 + j*(-187)
537 + j*(-359)
398 + j*(-178)
310 + j*(258)
627 + j*(226)
818 + j*(-49)
535 + j*(251)
115 + j*(566)
-175 + j*(12)
-291 + j*(-517)
-95 + j*(-117)
297 + j*(229)
433 + j*(-165)
139 + j*(-340)
-258 + j*(2)
-336 + j*(-58)
35 + j*(-494)
472 + j*(-523)
452 + j*(-272)
111 + j*(-109)
37 + j*(122)
119 + j*(191)
-192 + j*(-186)
-576 + j*(-380)
-248 + j*(-85)
];
