y6144 = [57 + j*(-368)
-241 + j*(-330)
-227 + j*(99)
-95 + j*(-55)
-195 + j*(-353)
-158 + j*(-167)
59 + j*(-46)
133 + j*(54)
76 + j*(-39)
-79 + j*(-388)
-279 + j*(-527)
19 + j*(-379)
709 + j*(110)
760 + j*(223)
553 + j*(-318)
415 + j*(-380)
-379 + j*(152)
-693 + j*(410)
-166 + j*(102)
-150 + j*(-120)
66 + j*(167)
494 + j*(115)
61 + j*(-402)
-178 + j*(-681)
145 + j*(-637)
229 + j*(-94)
-103 + j*(459)
-393 + j*(74)
54 + j*(-614)
417 + j*(-596)
243 + j*(-296)
286 + j*(-307)
216 + j*(-285)
273 + j*(12)
300 + j*(328)
-44 + j*(339)
161 + j*(16)
-148 + j*(-48)
-614 + j*(126)
307 + j*(7)
475 + j*(-152)
54 + j*(-349)
497 + j*(-340)
550 + j*(139)
288 + j*(242)
-119 + j*(137)
-99 + j*(178)
483 + j*(19)
86 + j*(9)
109 + j*(-333)
406 + j*(-701)
-169 + j*(107)
217 + j*(659)
114 + j*(61)
-469 + j*(-432)
261 + j*(-262)
-145 + j*(232)
-610 + j*(59)
188 + j*(-592)
-144 + j*(-428)
-293 + j*(180)
364 + j*(232)
87 + j*(-214)
-548 + j*(-260)
-420 + j*(3)
164 + j*(-319)
-184 + j*(-280)
-554 + j*(285)
184 + j*(88)
337 + j*(-193)
-54 + j*(18)
-112 + j*(165)
266 + j*(49)
692 + j*(-270)
-109 + j*(-178)
-574 + j*(224)
47 + j*(386)
104 + j*(385)
247 + j*(27)
338 + j*(-344)
178 + j*(-357)
59 + j*(-228)
-553 + j*(26)
-3 + j*(25)
517 + j*(62)
-563 + j*(359)
-262 + j*(303)
360 + j*(524)
-208 + j*(822)
-13 + j*(199)
-152 + j*(-343)
-630 + j*(-174)
-208 + j*(128)
-71 + j*(39)
204 + j*(-574)
427 + j*(-560)
-583 + j*(290)
-548 + j*(374)
926 + j*(-186)
648 + j*(-96)
-230 + j*(6)
323 + j*(-384)
98 + j*(-292)
-494 + j*(47)
-36 + j*(148)
-206 + j*(118)
-411 + j*(-444)
-29 + j*(-601)
-214 + j*(-130)
-338 + j*(-164)
-98 + j*(80)
110 + j*(54)
-61 + j*(-736)
-274 + j*(-287)
389 + j*(348)
341 + j*(-27)
-511 + j*(-16)
-288 + j*(74)
5 + j*(24)
-27 + j*(-64)
15 + j*(-309)
-113 + j*(-56)
146 + j*(-50)
176 + j*(-188)
145 + j*(109)
555 + j*(-127)
107 + j*(98)
-300 + j*(627)
92 + j*(-33)
-117 + j*(-166)
-449 + j*(298)
-65 + j*(122)
223 + j*(232)
-111 + j*(374)
-437 + j*(188)
-251 + j*(31)
-2 + j*(-266)
-132 + j*(-224)
-331 + j*(28)
-51 + j*(270)
88 + j*(370)
-219 + j*(-249)
91 + j*(-139)
415 + j*(726)
203 + j*(246)
94 + j*(-293)
-305 + j*(222)
-251 + j*(311)
341 + j*(8)
127 + j*(96)
-229 + j*(325)
-383 + j*(151)
-165 + j*(-169)
411 + j*(-198)
27 + j*(-241)
-234 + j*(27)
163 + j*(154)
-88 + j*(-532)
-245 + j*(-641)
-94 + j*(-436)
55 + j*(-515)
268 + j*(125)
-126 + j*(315)
-368 + j*(-204)
120 + j*(-51)
105 + j*(209)
-457 + j*(169)
-244 + j*(-104)
411 + j*(-158)
275 + j*(137)
14 + j*(-156)
-247 + j*(109)
-390 + j*(736)
415 + j*(-40)
132 + j*(-505)
-712 + j*(-370)
-105 + j*(-621)
69 + j*(-242)
602 + j*(-82)
1124 + j*(-316)
-240 + j*(83)
5 + j*(189)
861 + j*(244)
-72 + j*(606)
-29 + j*(361)
-28 + j*(-96)
-214 + j*(-81)
521 + j*(221)
-88 + j*(228)
-464 + j*(-54)
322 + j*(-21)
258 + j*(73)
115 + j*(129)
47 + j*(320)
55 + j*(319)
253 + j*(290)
-119 + j*(242)
177 + j*(79)
736 + j*(92)
227 + j*(94)
26 + j*(95)
349 + j*(269)
289 + j*(200)
89 + j*(-89)
61 + j*(-70)
-36 + j*(103)
-276 + j*(23)
-26 + j*(-212)
365 + j*(-603)
379 + j*(-743)
166 + j*(-162)
-582 + j*(323)
-580 + j*(430)
355 + j*(461)
-83 + j*(286)
-547 + j*(347)
305 + j*(130)
206 + j*(-371)
-372 + j*(1)
-197 + j*(167)
-309 + j*(169)
-118 + j*(724)
339 + j*(236)
-302 + j*(-110)
-505 + j*(432)
295 + j*(-113)
164 + j*(-494)
-69 + j*(-95)
378 + j*(90)
118 + j*(373)
-106 + j*(-143)
361 + j*(-545)
503 + j*(-69)
461 + j*(-501)
84 + j*(-350)
-386 + j*(527)
183 + j*(39)
352 + j*(-27)
-432 + j*(361)
-150 + j*(-94)
387 + j*(-117)
69 + j*(-58)
190 + j*(-123)
218 + j*(173)
-306 + j*(83)
-38 + j*(55)
421 + j*(333)
73 + j*(207)
-246 + j*(-359)
-77 + j*(-570)
92 + j*(178)
25 + j*(436)
-5 + j*(-131)
-292 + j*(-349)
-619 + j*(-677)
64 + j*(-414)
476 + j*(278)
-94 + j*(-257)
33 + j*(-529)
123 + j*(-165)
-419 + j*(-211)
-272 + j*(84)
28 + j*(122)
43 + j*(-159)
82 + j*(136)
46 + j*(385)
125 + j*(312)
-120 + j*(-29)
-388 + j*(24)
-151 + j*(733)
-81 + j*(645)
-31 + j*(42)
-59 + j*(20)
-206 + j*(118)
-20 + j*(-179)
-221 + j*(-617)
-275 + j*(-161)
47 + j*(554)
-323 + j*(176)
-63 + j*(-62)
574 + j*(376)
68 + j*(504)
-102 + j*(268)
-51 + j*(-252)
-480 + j*(-563)
-109 + j*(-252)
244 + j*(20)
55 + j*(-122)
257 + j*(-319)
-10 + j*(-39)
-641 + j*(395)
-439 + j*(76)
-9 + j*(-282)
301 + j*(163)
388 + j*(99)
-178 + j*(-452)
-207 + j*(11)
307 + j*(175)
-11 + j*(-260)
-83 + j*(250)
276 + j*(258)
-26 + j*(-315)
-9 + j*(-124)
-88 + j*(-161)
-785 + j*(-100)
-391 + j*(-1)
191 + j*(-292)
-275 + j*(133)
-253 + j*(46)
188 + j*(-516)
63 + j*(-92)
-162 + j*(101)
-252 + j*(99)
-249 + j*(64)
36 + j*(-149)
494 + j*(142)
695 + j*(-219)
335 + j*(-596)
-155 + j*(56)
-122 + j*(225)
-26 + j*(80)
-275 + j*(71)
22 + j*(95)
485 + j*(113)
87 + j*(-163)
-219 + j*(143)
-216 + j*(283)
-508 + j*(122)
-319 + j*(808)
264 + j*(353)
366 + j*(-440)
50 + j*(215)
-91 + j*(101)
182 + j*(-91)
257 + j*(355)
130 + j*(-176)
-18 + j*(-313)
-346 + j*(193)
-64 + j*(184)
415 + j*(344)
211 + j*(233)
-34 + j*(-369)
-281 + j*(-179)
-300 + j*(398)
31 + j*(345)
-61 + j*(-36)
-121 + j*(-423)
-90 + j*(-424)
-182 + j*(-135)
-221 + j*(-394)
-475 + j*(-289)
18 + j*(442)
506 + j*(250)
-363 + j*(-103)
-262 + j*(58)
651 + j*(-146)
345 + j*(-97)
144 + j*(384)
112 + j*(255)
-390 + j*(-455)
-201 + j*(-588)
206 + j*(-122)
-86 + j*(-96)
-352 + j*(-92)
-95 + j*(-1)
207 + j*(86)
230 + j*(455)
160 + j*(-79)
102 + j*(-246)
38 + j*(755)
-143 + j*(286)
-372 + j*(-327)
-491 + j*(200)
-405 + j*(133)
97 + j*(101)
159 + j*(25)
-308 + j*(-222)
-50 + j*(226)
-47 + j*(395)
-505 + j*(274)
-163 + j*(232)
-138 + j*(-15)
-258 + j*(-200)
211 + j*(-242)
68 + j*(-44)
-158 + j*(-164)
-32 + j*(-411)
-36 + j*(-274)
166 + j*(-603)
140 + j*(-862)
17 + j*(-727)
148 + j*(-271)
55 + j*(634)
-26 + j*(472)
-238 + j*(79)
-599 + j*(141)
-709 + j*(-300)
-680 + j*(144)
-228 + j*(391)
113 + j*(-330)
109 + j*(-290)
455 + j*(-566)
264 + j*(-540)
-165 + j*(185)
143 + j*(-6)
114 + j*(86)
120 + j*(128)
561 + j*(-353)
255 + j*(16)
-129 + j*(229)
-69 + j*(-127)
-156 + j*(-315)
-36 + j*(-185)
171 + j*(-234)
133 + j*(-704)
-81 + j*(-277)
-272 + j*(95)
97 + j*(-349)
367 + j*(251)
135 + j*(828)
169 + j*(382)
66 + j*(-82)
92 + j*(-230)
359 + j*(57)
-260 + j*(-143)
-381 + j*(-97)
231 + j*(775)
-252 + j*(171)
-586 + j*(-828)
-72 + j*(-227)
375 + j*(297)
505 + j*(1)
73 + j*(-110)
250 + j*(-110)
583 + j*(-474)
-6 + j*(-298)
244 + j*(-66)
240 + j*(-665)
-834 + j*(-248)
-567 + j*(301)
-3 + j*(-65)
-104 + j*(509)
72 + j*(596)
38 + j*(98)
96 + j*(394)
207 + j*(44)
-72 + j*(-55)
-300 + j*(302)
-196 + j*(-135)
361 + j*(-143)
225 + j*(256)
-275 + j*(416)
42 + j*(-96)
-242 + j*(-1020)
-288 + j*(-501)
360 + j*(504)
-293 + j*(347)
-437 + j*(-195)
143 + j*(-311)
-382 + j*(-105)
-185 + j*(-271)
443 + j*(19)
73 + j*(529)
-9 + j*(-271)
65 + j*(-659)
-189 + j*(-255)
-199 + j*(-79)
-26 + j*(200)
225 + j*(-245)
250 + j*(-175)
-38 + j*(723)
-173 + j*(213)
-341 + j*(-223)
-332 + j*(2)
290 + j*(-262)
215 + j*(-109)
-371 + j*(84)
148 + j*(-5)
305 + j*(-101)
-268 + j*(-454)
1 + j*(-351)
23 + j*(-166)
-170 + j*(-187)
155 + j*(256)
129 + j*(339)
285 + j*(31)
349 + j*(180)
-48 + j*(158)
-133 + j*(-185)
-378 + j*(-9)
-253 + j*(275)
0 + j*(16)
-276 + j*(-161)
111 + j*(66)
124 + j*(333)
-286 + j*(250)
66 + j*(-74)
-119 + j*(163)
-236 + j*(248)
-24 + j*(-469)
-214 + j*(-334)
58 + j*(566)
-187 + j*(379)
-614 + j*(-476)
-197 + j*(-424)
-177 + j*(-4)
-3 + j*(-296)
281 + j*(-273)
120 + j*(77)
83 + j*(3)
-311 + j*(236)
-115 + j*(279)
425 + j*(162)
-220 + j*(180)
-636 + j*(-442)
-345 + j*(-360)
46 + j*(-32)
-8 + j*(-275)
-470 + j*(397)
241 + j*(118)
352 + j*(-804)
-606 + j*(-115)
278 + j*(150)
808 + j*(401)
-236 + j*(927)
-260 + j*(-193)
-130 + j*(-624)
-511 + j*(397)
-144 + j*(542)
297 + j*(180)
-161 + j*(274)
-381 + j*(169)
182 + j*(-229)
6 + j*(318)
-304 + j*(564)
-4 + j*(-311)
-278 + j*(271)
-343 + j*(693)
-219 + j*(-557)
-230 + j*(-236)
389 + j*(800)
161 + j*(358)
-4 + j*(-333)
715 + j*(-220)
-99 + j*(225)
-503 + j*(-157)
257 + j*(34)
-264 + j*(1014)
-151 + j*(234)
566 + j*(-554)
48 + j*(-151)
47 + j*(-151)
126 + j*(357)
